id express priority volume weight reward duration
0 0 0 17 23 1214 336
1 0 0 4 12 1827 678
2 0 0 6 26 1767 501
3 0 0 13 8 1202 739
4 0 0 15 27 1372 1100
5 0 0 9 20 501 281
6 0 0 7 4 961 185
7 0 0 26 28 479 784
8 0 0 26 25 869 778
9 0 0 5 7 348 403
10 0 0 20 17 1555 531
11 0 0 26 12 1961 698
12 0 0 26 21 740 358
13 0 0 11 17 494 811
14 0 0 19 19 548 224
15 0 0 8 18 1985 666
16 0 0 9 14 1915 944
17 0 0 14 8 1951 394
18 0 0 6 14 272 473
19 0 0 11 7 397 844
20 1 0 15 17 772 682
21 0 0 22 26 1759 384
22 0 0 28 12 1237 425
23 0 0 3 4 1617 302
24 0 0 4 8 1174 495
25 0 0 29 25 1218 492
26 0 0 18 23 249 1003
27 0 0 20 20 970 121
28 0 0 4 20 1149 378
29 0 0 16 15 953 487
30 0 0 15 13 1277 984
31 0 0 23 7 458 865
32 1 0 21 23 1824 631
33 1 0 22 15 1149 1093
34 0 0 16 6 224 452
35 0 0 21 20 584 409
36 0 0 19 29 1097 154
37 0 0 5 10 1054 244
38 0 0 5 6 1701 250
39 0 0 19 17 1426 1038
40 0 0 11 5 1704 943
41 0 0 15 14 650 345
42 0 0 18 10 1835 312
43 0 0 3 15 1483 1070
44 0 0 29 17 525 183
45 0 0 24 15 1381 998
46 0 0 21 9 1249 564
47 0 0 12 24 1553 771
48 0 0 19 28 1432 780
49 1 0 7 13 429 312
50 0 0 18 9 1141 824
51 0 0 8 17 247 327
52 0 0 23 29 1377 783
53 0 0 23 3 372 319
54 1 0 22 23 1603 976
55 0 0 5 25 1930 529
56 1 0 23 29 1479 902
57 0 0 14 26 547 258
58 0 0 9 24 687 815
59 0 0 10 4 328 221
60 0 0 11 27 1991 961
61 0 0 23 7 1810 478
62 0 0 25 29 1716 100
63 0 0 19 28 1119 896
64 0 0 17 21 776 1034
65 0 0 27 19 680 465
66 1 0 13 21 881 265
67 0 0 7 5 905 903
68 0 0 3 27 1059 420
69 1 0 14 20 1341 948
70 1 0 20 9 1831 669
71 0 0 18 29 1189 205
72 0 0 23 20 811 417
73 0 0 9 18 1167 161
74 0 0 5 14 546 821
75 0 0 27 21 1727 378
76 0 0 22 10 323 459
77 0 0 7 24 1902 624
78 0 0 25 19 1794 826
79 0 0 6 19 659 866
80 0 0 7 7 1550 752
81 0 0 5 13 1024 800
82 1 0 25 10 753 461
83 0 0 13 5 1479 1088
84 0 0 14 6 1052 232
85 0 0 22 10 1564 207
86 0 0 29 25 475 669
87 0 0 16 17 1319 672
88 1 0 9 24 980 1071
89 0 0 10 8 319 456
90 0 0 19 25 1273 520
91 0 0 19 24 1688 265
92 0 0 10 17 1857 474
93 0 0 25 15 1982 263
94 0 0 6 20 1266 403
95 0 0 8 23 1337 471
96 0 0 23 5 1095 648
97 0 0 21 17 1893 512
98 0 0 14 14 280 993
99 0 0 16 26 1918 652
100 0 0 25 22 766 526
101 1 0 22 27 384 473
102 0 0 17 26 1171 491
103 0 0 22 25 430 659
104 0 0 17 10 602 819
105 0 0 16 9 866 509
106 0 0 19 19 1943 501
107 0 0 22 25 271 918
108 0 0 18 25 470 652
109 0 0 13 26 1077 724
110 1 0 3 9 1090 1091
111 0 0 20 19 1322 718
112 0 0 9 20 709 428
113 0 0 17 26 774 146
114 0 0 12 9 385 1001
115 0 0 5 25 633 383
116 0 0 14 10 589 128
117 0 0 18 16 1947 1004
118 0 0 4 18 840 328
119 1 0 15 23 1770 424
120 0 0 15 21 1536 348
121 0 0 10 9 710 526
122 0 0 3 15 301 671
123 0 0 14 8 1003 745
124 0 0 5 12 1829 329
125 0 0 17 21 1705 567
126 0 0 7 14 834 1053
127 0 0 6 27 1897 392
128 0 0 13 17 1830 182
129 0 0 10 22 1863 476
130 0 0 24 7 1705 429
131 1 0 24 26 920 979
132 0 0 20 20 1011 614
133 0 0 12 5 1306 1016
134 0 0 20 10 617 873
135 0 0 9 5 1414 891
136 0 0 14 23 538 111
137 0 0 28 5 1037 317
138 0 0 12 18 1564 890
139 0 0 18 12 957 829
140 0 0 22 16 1439 1038
141 0 0 10 12 622 240
142 0 0 20 13 1278 487
143 0 0 22 9 657 527
144 0 0 10 3 1782 706
145 0 0 28 11 362 239
146 0 0 6 21 653 987
147 0 0 25 6 1151 984
148 0 0 10 12 1245 196
149 0 0 18 28 1329 743
150 0 0 18 28 602 517
151 0 0 21 28 235 817
152 0 0 21 17 1353 944
153 0 0 19 8 790 218
154 0 0 18 12 973 848
155 0 0 13 5 607 641
156 0 0 11 10 1350 975
157 1 0 13 28 1755 335
158 0 0 4 15 614 316
159 0 0 9 11 1475 592
160 0 0 3 4 1827 677
161 0 0 25 9 1231 319
162 0 0 13 28 1810 853
163 0 0 16 7 565 1046
164 0 0 10 19 1117 1092
165 0 0 6 29 1139 913
166 0 0 14 8 1617 470
167 0 0 25 20 1421 326
168 0 0 6 19 1136 223
169 0 0 27 16 749 435
170 1 0 5 21 1748 401
171 0 0 6 10 354 627
172 1 0 20 15 1554 945
173 1 0 25 11 1383 786
174 0 0 16 18 1657 647
175 0 0 26 27 1365 800
176 1 0 9 29 1425 221
177 0 0 3 14 1723 250
178 0 0 22 4 1410 861
179 0 0 23 5 1301 953
180 0 0 24 20 1478 1046
181 0 0 20 5 430 348
182 1 0 16 4 1030 354
183 0 0 7 17 1213 705
184 0 0 19 11 229 317
185 0 0 23 18 1176 650
186 0 0 10 12 796 399
187 0 0 4 27 1362 924
188 0 0 22 29 1938 182
189 0 0 15 19 1770 837
190 0 0 22 22 1633 603
191 1 0 16 14 1604 703
192 0 0 23 29 1008 648
193 0 0 25 13 635 218
194 0 0 8 20 1048 428
195 0 0 17 8 1960 964
196 0 0 19 12 709 387
197 0 0 21 28 1647 822
198 0 0 6 18 1803 127
199 0 0 5 19 702 251
200 0 0 8 4 1528 527
201 1 0 26 8 1348 712
202 0 0 16 18 1233 841
203 0 0 10 9 476 334
204 1 0 14 13 427 125
205 0 0 8 29 1196 945
206 0 0 28 8 1705 715
207 0 0 6 14 1663 851
208 0 0 14 20 1035 882
209 0 0 19 21 470 752
210 0 0 29 4 628 1016
211 0 0 27 8 545 371
212 0 0 7 27 1734 495
213 0 0 11 26 1484 1071
214 0 0 18 15 592 455
215 0 0 29 24 713 284
216 0 0 10 16 804 293
217 0 0 15 26 1733 1078
218 0 0 17 15 1310 739
219 0 0 8 25 570 625
220 0 0 23 17 635 707
221 0 0 23 14 1887 744
222 1 0 10 15 1545 340
223 0 0 12 8 1315 878
224 0 0 25 18 1719 307
225 0 0 29 26 1025 206
226 0 0 21 23 435 313
227 0 0 27 25 1692 410
228 0 0 15 9 441 536
229 0 0 22 11 1128 352
230 0 0 10 18 1604 740
231 0 0 5 18 1915 882
232 0 0 22 8 332 544
233 0 0 18 10 1988 1085
234 0 0 21 26 1926 858
235 0 0 21 5 471 570
236 1 0 8 21 1489 247
237 1 0 16 4 801 241
238 1 0 10 28 1055 906
239 1 0 24 21 368 564
240 0 0 24 21 1751 569
241 0 0 11 29 298 155
242 0 0 3 17 958 304
243 0 0 9 8 440 615
244 1 0 6 28 272 503
245 0 0 29 29 902 353
246 0 0 14 4 286 580
247 0 0 23 25 934 349
248 0 0 10 3 1089 914
249 0 0 3 11 1879 1038
250 0 0 18 9 1118 903
251 0 0 22 3 1552 343
252 0 0 29 21 1051 920
253 0 0 28 20 1256 1073
254 0 0 4 19 1618 764
255 0 0 27 19 669 942
256 0 0 29 24 1743 208
257 1 0 22 10 590 973
258 0 0 9 8 1211 897
259 0 0 13 6 1595 476
260 0 0 13 13 861 360
261 0 0 21 3 1928 182
262 0 0 16 28 1260 751
263 0 0 24 18 829 159
264 0 0 14 12 1727 143
265 0 0 8 13 322 341
266 0 0 9 5 394 154
267 0 0 15 21 1624 212
268 0 0 14 11 1412 1015
269 0 0 6 10 1022 635
270 0 0 3 22 1642 390
271 0 0 3 9 429 222
272 0 0 13 11 1831 975
273 0 0 3 25 1462 483
274 0 0 9 12 568 597
275 0 0 27 28 1159 443
276 0 0 28 25 296 454
277 0 0 21 24 1485 189
278 0 0 20 16 1821 798
279 1 0 8 12 1110 552
280 0 0 6 9 223 510
281 0 0 14 22 1496 643
282 0 0 26 27 470 1069
283 0 0 7 10 558 1067
284 0 0 8 28 584 821
285 0 0 28 13 1735 130
286 0 0 10 23 1484 415
287 0 0 29 10 1954 791
288 0 0 21 22 1759 252
289 0 0 3 11 332 1070
290 0 0 19 25 337 220
291 0 0 8 17 649 849
292 0 0 12 10 1251 939
293 0 0 21 29 1195 439
294 0 0 10 21 448 619
295 0 0 18 21 480 518
296 0 0 23 7 490 249
297 0 0 15 6 1900 465
298 0 0 28 27 834 890
299 0 0 16 16 1148 154
300 0 0 24 17 221 226
301 1 0 25 26 269 205
302 0 0 7 6 1450 601
303 0 0 15 9 386 510
304 0 0 29 23 499 280
305 0 0 5 22 1937 617
306 0 0 24 7 587 379
307 0 0 11 4 1748 617
308 0 0 14 26 894 907
309 0 0 9 23 369 1047
310 0 0 15 29 1696 724
311 0 0 15 22 615 461
312 0 0 18 11 1274 487
313 0 0 13 20 518 567
314 0 0 14 3 617 284
315 0 0 5 5 853 848
316 0 0 6 21 1844 754
317 0 0 5 21 1677 281
318 0 0 15 24 1015 624
319 0 0 3 19 244 306
320 0 0 6 17 662 151
321 0 0 22 10 525 105
322 0 0 13 10 682 507
323 0 0 13 18 1745 983
324 1 0 17 23 1173 434
325 0 0 17 27 418 410
326 0 0 16 21 1300 765
327 0 0 8 9 664 960
328 0 0 20 17 1599 306
329 0 0 28 27 848 1043
330 0 0 13 19 285 823
331 0 0 22 16 1279 773
332 0 0 12 7 726 819
333 0 0 9 6 747 727
334 0 0 26 15 1653 662
335 0 0 25 18 1598 826
336 0 0 6 18 411 637
337 0 0 23 7 364 790
338 0 0 26 9 1286 634
339 0 0 23 24 952 326
340 0 0 27 14 1886 1055
341 0 0 4 25 376 269
342 0 0 18 16 1835 838
343 0 0 15 17 1422 690
344 0 0 23 10 1337 927
345 0 0 16 8 332 118
346 0 0 12 19 422 557
347 1 0 20 20 1523 307
348 0 0 16 17 1114 943
349 1 0 26 3 559 215
350 0 0 11 4 1113 808
351 0 0 19 23 1197 136
352 0 0 16 11 805 1045
353 0 0 8 5 688 1052
354 0 0 24 12 1155 710
355 0 0 16 26 1432 1015
356 0 0 15 19 877 1081
357 0 0 17 17 516 469
358 0 0 26 4 1783 123
359 0 0 19 6 825 422
360 0 0 15 12 713 226
361 0 0 7 17 402 708
362 1 0 23 17 469 363
363 0 0 28 14 865 670
364 1 0 27 3 1272 902
365 0 0 3 11 1295 1092
366 0 0 29 4 1190 327
367 0 0 26 10 1921 907
368 0 0 12 18 1891 305
369 0 0 16 18 1109 761
370 0 0 16 8 1016 992
371 0 0 22 13 519 958
372 0 0 21 21 1757 1013
373 0 0 24 25 864 572
374 0 0 26 16 581 301
375 0 0 20 12 340 1015
376 0 0 9 26 840 553
377 0 0 12 22 578 616
378 0 0 23 20 1962 310
379 0 0 22 24 321 535
380 0 0 23 5 724 643
381 0 0 22 16 1305 908
382 0 0 23 28 661 448
383 0 0 15 12 568 823
384 0 0 23 15 437 438
385 0 0 29 22 1713 441
386 0 0 15 12 1148 157
387 1 0 10 3 1226 1060
388 0 0 3 22 1844 183
389 0 0 9 3 1674 162
390 0 0 15 9 254 1091
391 0 0 14 23 1819 618
392 0 0 16 14 673 410
393 0 0 15 14 1204 1050
394 0 0 17 25 1450 429
395 0 0 8 6 1422 620
396 0 0 26 23 1234 291
397 0 0 25 12 1422 308
398 0 0 12 29 863 356
399 0 0 11 14 815 189
400 0 0 26 6 679 925
401 0 0 26 11 1473 969
402 1 0 25 17 423 944
403 0 0 25 12 1898 636
404 0 0 4 12 931 130
405 0 0 19 18 1385 1075
406 0 0 7 3 1987 854
407 0 0 27 11 1589 836
408 0 0 17 4 1158 976
409 1 0 5 28 867 193
410 1 0 7 25 506 725
411 0 0 13 19 1925 1052
412 0 0 24 26 1108 410
413 1 0 8 20 1892 848
414 0 0 16 27 1033 243
415 0 0 10 12 1213 326
416 0 0 4 28 589 644
417 0 0 22 10 1443 983
418 0 0 18 11 1525 933
419 0 0 13 5 392 956
420 0 0 26 23 739 595
421 1 0 4 14 988 580
422 0 0 7 20 725 243
423 0 0 25 9 902 328
424 0 0 22 16 736 307
425 0 0 29 20 1044 936
426 0 0 26 16 1947 891
427 0 0 12 13 525 654
428 0 0 25 7 1373 317
429 0 0 22 11 1469 607
430 0 0 5 19 464 900
431 0 0 25 24 1870 538
432 0 0 17 12 1554 805
433 0 0 28 13 949 392
434 0 0 9 13 1659 769
435 0 0 23 10 271 463
436 0 0 16 18 778 596
437 0 0 3 18 787 1032
438 0 0 11 18 922 539
439 0 0 3 17 401 689
440 0 0 24 15 431 734
441 0 0 9 19 470 423
442 0 0 9 19 457 229
443 1 0 4 19 1784 789
444 0 0 28 6 1123 175
445 0 0 18 7 1269 793
446 0 0 10 14 623 733
447 0 0 29 4 1168 371
448 0 0 3 13 1046 626
449 0 0 10 14 233 1077
450 1 0 12 16 1651 307
451 1 0 8 24 538 563
452 1 0 3 14 557 255
453 0 0 13 5 1948 360
454 1 0 28 21 1238 898
455 0 0 28 19 1696 1058
456 0 0 12 26 1486 308
457 0 0 10 29 673 248
458 0 0 14 12 1804 827
459 0 0 9 8 1822 416
460 0 0 24 12 973 186
461 0 0 29 22 1526 551
462 0 0 9 20 1021 815
463 0 0 12 19 1591 462
464 0 0 10 22 1886 443
465 0 0 9 20 428 292
466 0 0 10 15 1478 557
467 0 0 28 25 561 499
468 0 0 22 25 1448 557
469 0 0 12 5 1466 430
470 0 0 23 24 1001 1027
471 0 0 25 20 1552 984
472 0 0 29 25 372 670
473 0 0 28 29 537 857
474 0 0 24 6 1663 335
475 0 0 6 19 1555 410
476 0 0 13 19 1461 637
477 0 0 9 11 493 213
478 0 0 6 3 1371 420
479 0 0 19 13 1446 899
480 0 0 7 16 1464 654
481 0 0 5 23 1044 603
482 0 0 11 17 882 387
483 0 0 23 10 629 577
484 0 0 13 26 949 591
485 0 0 12 23 1073 649
486 1 0 22 7 385 185
487 0 0 22 9 1800 224
488 0 0 17 20 523 293
489 0 0 5 8 956 672
490 0 0 12 19 1374 322
491 1 0 5 3 1519 885
492 0 0 18 9 1581 336
493 0 0 11 12 531 1061
494 0 0 19 20 307 426
495 0 0 28 10 912 987
496 0 0 9 25 462 923
497 0 0 29 26 1079 794
498 0 0 10 12 1194 105
499 0 0 9 8 775 646
500 0 0 21 12 1360 347
501 0 0 27 15 645 516
502 1 0 12 16 1875 267
503 0 0 11 7 1663 548
504 0 0 23 27 1574 824
505 0 0 16 16 1195 1014
506 0 0 23 23 1664 692
507 0 0 23 7 1214 1073
508 0 0 23 7 743 753
509 0 0 6 24 1106 739
510 0 0 3 17 1337 555
511 1 0 6 17 399 746
512 0 0 5 14 1241 664
513 0 0 25 24 818 1041
514 0 0 22 10 1374 156
515 0 0 3 17 1354 1088
516 0 0 26 21 1039 356
517 0 0 13 9 1147 852
518 0 0 28 4 327 366
519 0 0 25 8 408 972
520 0 0 9 25 1612 443
521 0 0 15 19 1332 825
522 0 0 29 17 627 913
523 0 0 24 17 1026 644
524 0 0 25 15 1030 754
525 0 0 21 29 1738 921
526 0 0 8 19 1968 865
527 0 0 23 23 1201 459
528 0 0 15 8 1205 370
529 0 0 21 27 1526 243
530 0 0 22 20 724 923
531 1 0 13 19 296 761
532 0 0 16 4 943 473
533 0 0 16 5 848 432
534 0 0 13 24 1810 158
535 0 0 9 16 227 828
536 0 0 27 10 963 366
537 0 0 20 29 1405 394
538 0 0 12 28 1314 798
539 0 0 19 29 1971 979
540 1 0 25 11 666 854
541 0 0 12 16 1892 831
542 0 0 20 24 1280 672
543 0 0 15 12 1457 598
544 0 0 26 19 985 589
545 0 0 18 10 1421 911
546 0 0 16 9 1662 817
547 0 0 6 29 1855 1008
548 0 0 25 4 1683 1088
549 0 0 22 20 1312 353
550 0 0 10 6 1524 804
551 0 0 19 29 1076 948
552 0 0 12 28 1052 281
553 0 0 10 5 1625 1003
554 0 0 29 17 1672 356
555 0 0 17 27 554 595
556 1 0 23 24 837 555
557 0 0 12 4 723 817
558 0 0 3 3 1661 539
559 0 0 9 13 859 146
560 0 0 21 16 1743 519
561 0 0 27 18 804 1070
562 0 0 17 24 752 699
563 0 0 16 24 1751 746
564 0 0 20 13 1631 227
565 0 0 25 4 390 577
566 0 0 28 23 1514 1007
567 0 0 16 8 332 305
568 0 0 21 3 1280 279
569 0 0 11 23 1663 318
570 0 0 19 16 667 654
571 0 0 19 9 1417 960
572 0 0 14 21 1103 223
573 0 0 14 12 985 648
574 0 0 21 20 823 541
575 0 0 5 27 1076 1000
576 0 0 24 5 260 774
577 0 0 22 19 511 820
578 0 0 17 8 1896 303
579 0 0 10 24 1801 916
580 0 0 16 7 1645 755
581 0 0 28 14 1476 519
582 0 0 26 14 239 243
583 0 0 12 14 1799 561
584 0 0 7 26 1764 1007
585 0 0 12 25 963 769
586 0 0 24 23 937 153
587 0 0 25 18 1598 910
588 1 0 25 3 1819 184
589 0 0 23 3 1002 1098
590 0 0 29 25 642 343
591 1 0 11 5 1544 767
592 0 0 27 24 1508 501
593 0 0 4 17 1982 310
594 0 0 7 9 278 453
595 1 0 25 25 261 446
596 0 0 7 20 638 174
597 1 0 16 24 1652 367
598 0 0 4 13 548 113
599 0 0 19 29 351 1067
600 0 0 8 24 593 854
601 0 0 22 10 565 377
602 0 0 6 28 1653 752
603 0 0 12 28 700 497
604 1 0 5 16 1788 324
605 0 0 22 9 1787 484
606 0 0 9 6 1640 186
607 0 0 4 4 871 626
608 1 0 7 15 446 562
609 0 0 7 11 954 419
610 0 0 20 21 1229 789
611 0 0 5 22 1315 599
612 0 0 10 9 1904 831
613 0 0 12 14 818 370
614 0 0 29 24 437 217
615 0 0 14 16 1850 891
616 0 0 27 27 1128 855
617 0 0 3 25 522 532
618 0 0 11 13 1982 756
619 0 0 11 12 245 185
620 0 0 23 18 361 413
621 0 0 29 13 263 632
622 0 0 21 24 323 937
623 0 0 14 21 1539 826
624 0 0 27 11 1257 364
625 0 0 19 28 580 190
626 0 0 27 29 293 634
627 0 0 18 4 295 371
628 0 0 16 11 1678 197
629 1 0 7 4 626 884
630 0 0 17 17 1686 374
631 0 0 20 16 1304 552
632 1 0 29 7 1849 626
633 0 0 20 21 1207 1025
634 0 0 3 22 628 210
635 0 0 18 6 1439 210
636 0 0 22 8 492 706
637 0 0 27 6 1872 636
638 0 0 19 28 1615 470
639 0 0 8 27 1614 622
640 0 0 12 23 929 449
641 0 0 27 12 1071 884
642 0 0 24 22 1639 560
643 1 0 21 14 1224 1052
644 0 0 16 11 768 1077
645 0 0 28 9 1391 278
646 0 0 22 22 1598 937
647 0 0 13 17 983 317
648 0 0 17 12 1002 218
649 0 0 4 16 765 909
650 0 0 19 24 351 370
651 0 0 5 14 287 634
652 0 0 26 12 646 553
653 0 0 17 26 1890 880
654 0 0 14 3 475 314
655 0 0 21 9 1775 173
656 0 0 6 12 1512 1054
657 0 0 6 11 1473 680
658 0 0 8 9 1674 1037
659 0 0 21 7 1887 129
660 1 0 9 20 1192 883
661 0 0 20 9 1462 483
662 0 0 13 20 1508 1068
663 0 0 15 27 1756 609
664 0 0 20 24 1033 1057
665 0 0 6 7 1673 1061
666 0 0 22 3 1404 492
667 0 0 21 26 528 934
668 0 0 11 27 1501 489
669 0 0 28 22 222 285
670 0 0 24 17 464 629
671 0 0 7 8 1903 640
672 0 0 8 5 859 225
673 0 0 21 21 852 980
674 0 0 28 15 1092 847
675 0 0 24 27 1434 924
676 0 0 5 7 1660 607
677 0 0 17 22 1662 785
678 0 0 5 3 564 169
679 0 0 20 20 318 1056
680 0 0 13 22 1030 835
681 0 0 18 23 857 723
682 0 0 27 4 287 149
683 0 0 3 26 1215 252
684 0 0 19 14 1304 474
685 0 0 11 17 1187 419
686 0 0 4 29 1379 657
687 0 0 8 22 1500 460
688 0 0 15 21 866 131
689 0 0 24 16 952 741
690 1 0 19 13 984 855
691 0 0 12 11 1558 295
692 1 0 29 7 933 1015
693 0 0 27 18 590 760
694 0 0 9 19 1686 587
695 0 0 10 14 1408 868
696 1 0 26 25 309 632
697 0 0 26 4 1108 407
698 0 0 23 11 998 222
699 0 0 5 6 463 620
700 0 0 17 6 877 368
701 0 0 29 14 1355 475
702 0 0 13 20 1572 799
703 1 0 22 23 1223 626
704 0 0 23 25 229 799
705 0 0 26 28 1779 361
706 0 0 8 19 1099 863
707 0 0 21 23 579 1004
708 0 0 22 26 1977 996
709 0 0 8 16 1341 232
710 0 0 17 14 966 578
711 0 0 4 23 1289 157
712 0 0 8 8 597 958
713 0 0 27 4 780 351
714 0 0 24 8 1286 1062
715 1 0 11 10 1486 457
716 0 0 25 8 1006 1032
717 0 0 28 11 1245 956
718 0 0 16 21 1385 129
719 0 0 20 27 1407 1080
720 1 0 3 27 545 994
721 0 0 24 24 538 335
722 0 0 25 18 1302 717
723 1 0 19 17 312 237
724 0 0 28 19 840 872
725 0 0 8 19 1035 497
726 0 0 15 13 651 133
727 0 0 5 18 925 505
728 0 0 29 11 1906 1100
729 0 0 11 21 1723 818
730 0 0 15 28 535 676
731 0 0 12 22 1909 422
732 0 0 20 13 936 985
733 0 0 22 3 481 279
734 0 0 21 6 500 520
735 0 0 26 28 310 500
736 0 0 24 4 206 233
737 0 0 12 12 489 185
738 0 0 20 12 1646 623
739 0 0 6 19 955 429
740 0 0 24 24 1778 204
741 0 0 12 27 386 143
742 0 0 23 5 1437 367
743 0 0 15 9 933 832
744 0 0 29 12 1384 981
745 0 0 16 18 1076 154
746 0 0 15 4 1781 184
747 0 0 4 29 769 402
748 0 0 19 19 1949 1099
749 0 0 11 11 927 952
750 1 0 11 8 1169 888
751 0 0 23 28 466 770
752 0 0 12 14 1593 507
753 0 0 25 11 1907 223
754 1 0 19 27 1775 938
755 0 0 8 17 1200 300
756 0 0 8 3 394 496
757 0 0 26 28 1481 318
758 0 0 20 28 649 784
759 0 0 25 14 1155 200
760 0 0 17 28 1484 490
761 0 0 24 20 1233 957
762 0 0 27 28 1287 515
763 0 0 17 6 1147 1006
764 0 0 19 14 1461 948
765 0 0 28 17 798 1094
766 0 0 12 7 812 524
767 0 0 25 11 1645 881
768 0 0 10 11 1629 776
769 0 0 24 17 1076 704
770 0 0 18 17 1562 562
771 0 0 11 9 1290 257
772 0 0 29 10 547 939
773 1 0 8 13 1332 423
774 0 0 7 13 699 1058
775 0 0 7 5 747 864
776 0 0 11 10 879 211
777 0 0 8 15 743 590
778 1 0 15 21 674 955
779 0 0 6 26 1316 337
780 0 0 24 11 1768 750
781 0 0 23 25 783 947
782 1 0 11 18 984 283
783 0 0 12 12 659 531
784 0 0 25 5 478 147
785 0 0 6 5 1005 298
786 0 0 29 17 428 277
787 0 0 20 21 1921 947
788 0 0 26 7 228 746
789 0 0 11 7 1716 276
790 0 0 22 26 512 918
791 0 0 5 23 589 871
792 0 0 19 20 1318 753
793 0 0 18 19 407 454
794 0 0 3 13 729 880
795 1 0 24 11 617 608
796 0 0 23 9 1420 777
797 0 0 25 21 919 924
798 0 0 11 18 1193 781
799 0 0 14 28 217 634
800 0 0 28 16 1066 259
801 1 0 14 22 597 161
802 0 0 4 29 250 721
803 0 0 6 23 759 436
804 0 0 18 25 1520 187
805 0 0 18 5 755 196
806 0 0 25 15 1205 594
807 0 0 7 7 1120 693
808 0 0 6 17 1647 641
809 0 0 29 7 1186 629
810 0 0 13 26 1522 394
811 0 0 13 7 553 935
812 0 0 21 17 1295 1072
813 0 0 11 19 605 732
814 0 0 9 19 1855 765
815 0 0 5 20 1883 793
816 0 0 19 17 1083 816
817 0 0 10 25 677 699
818 0 0 19 12 806 1055
819 1 0 18 23 425 185
820 0 0 11 9 1759 843
821 0 0 12 13 1367 1078
822 0 0 14 15 424 530
823 0 0 11 10 1664 958
824 0 0 18 14 274 516
825 0 0 20 20 290 551
826 0 0 26 4 387 175
827 0 0 27 7 1121 349
828 0 0 26 10 1340 499
829 0 0 20 8 1180 390
830 0 0 19 4 1787 1068
831 0 0 6 19 1681 914
832 0 0 3 10 1874 899
833 0 0 19 12 1649 439
834 0 0 13 9 1807 609
835 0 0 24 28 1957 997
836 1 0 17 17 1181 909
837 0 0 19 23 1487 240
838 0 0 19 27 643 1035
839 0 0 18 25 922 868
840 0 0 13 10 324 297
841 1 0 7 26 1526 851
842 0 0 22 27 825 709
843 0 0 24 24 1351 773
844 0 0 20 9 468 747
845 0 0 28 3 1022 1020
846 0 0 6 29 1014 202
847 0 0 17 19 1390 702
848 0 0 9 13 1933 185
849 0 0 12 24 1643 289
850 0 0 12 7 527 291
851 0 0 29 14 345 210
852 1 0 6 23 1603 850
853 0 0 28 5 1223 896
854 0 0 8 12 884 698
855 0 0 8 22 1422 396
856 0 0 27 24 1403 602
857 0 0 20 12 1717 512
858 0 0 24 23 382 503
859 0 0 13 21 1664 212
860 0 0 7 6 1933 908
861 0 0 21 12 391 391
862 0 0 22 11 1441 544
863 0 0 25 22 869 387
864 1 0 4 11 1610 904
865 0 0 11 5 1133 233
866 0 0 18 20 1601 365
867 0 0 11 13 669 915
868 1 0 15 3 1608 1065
869 1 0 26 4 1541 221
870 0 0 21 20 1700 754
871 0 0 17 18 335 752
872 0 0 19 28 692 1004
873 0 0 8 11 777 940
874 0 0 10 20 708 1095
875 0 0 12 21 652 1039
876 0 0 6 29 1394 187
877 0 0 5 25 890 720
878 0 0 10 18 1743 310
879 0 0 24 16 1909 535
880 0 0 25 11 915 280
881 0 0 16 3 626 849
882 0 0 8 13 1687 765
883 0 0 11 15 1486 751
884 0 0 7 4 423 918
885 0 0 29 27 1818 229
886 0 0 21 28 1223 922
887 0 0 9 23 1443 1063
888 0 0 26 29 1532 879
889 0 0 28 29 1443 114
890 0 0 6 20 743 364
891 1 0 15 25 387 209
892 0 0 28 13 1948 136
893 0 0 26 17 513 716
894 0 0 9 28 1297 346
895 1 0 22 4 673 530
896 1 0 10 29 954 525
897 0 0 13 4 1616 581
898 0 0 16 20 554 564
899 0 0 19 14 256 663
900 0 0 29 20 1797 446
901 0 0 23 8 671 638
902 0 0 15 29 1098 526
903 0 0 16 13 1026 693
904 0 0 21 14 1706 392
905 0 0 3 17 806 387
906 0 0 23 29 578 790
907 0 0 10 21 1900 1042
908 0 0 26 12 1921 1040
909 0 0 5 23 1185 684
910 0 0 5 6 1867 367
911 0 0 20 15 1885 156
912 0 0 27 4 836 401
913 0 0 19 28 1680 861
914 0 0 28 23 545 497
915 0 0 11 16 1733 558
916 0 0 9 27 1539 472
917 0 0 14 23 1408 913
918 0 0 28 6 1373 636
919 0 0 9 20 1286 363
920 0 0 6 24 1626 598
921 0 0 6 16 1497 743
922 0 0 9 27 1187 162
923 0 0 11 28 1010 584
924 0 0 20 4 1016 195
925 0 0 29 27 366 237
926 0 0 20 3 1185 119
927 0 0 16 17 658 136
928 0 0 23 21 251 577
929 0 0 17 27 382 104
930 0 0 13 29 1845 167
931 0 0 11 18 750 519
932 0 0 4 26 1045 327
933 0 0 5 16 1731 682
934 0 0 19 15 466 1033
935 0 0 7 7 1431 215
936 0 0 29 7 1592 891
937 0 0 28 3 452 260
938 0 0 26 26 1286 293
939 0 0 3 27 463 716
940 0 0 14 17 1450 279
941 0 0 3 10 812 229
942 1 0 6 14 1857 766
943 1 0 4 22 1180 184
944 0 0 12 16 1634 393
945 0 0 21 16 1333 300
946 0 0 18 9 688 363
947 0 0 21 21 420 404
948 1 0 11 22 1549 875
949 0 0 28 21 1124 358
950 0 0 16 6 1180 712
951 0 0 9 20 561 366
952 1 0 26 3 273 281
953 0 0 18 11 1157 1067
954 0 0 25 5 294 968
955 0 0 18 21 1673 917
956 0 0 8 14 334 360
957 0 0 3 17 837 853
958 0 0 15 16 1066 137
959 0 0 15 20 1070 709
960 0 0 13 12 555 1032
961 0 0 13 25 543 721
962 0 0 3 19 1978 558
963 1 0 21 17 671 954
964 0 0 15 9 239 1034
965 0 0 3 7 763 273
966 0 0 22 25 276 850
967 0 0 20 21 1960 984
968 0 0 14 17 375 305
969 0 0 20 5 1096 772
970 0 0 11 16 721 617
971 0 0 17 28 1747 200
972 0 0 14 24 720 468
973 0 0 4 18 1382 940
974 0 0 27 23 468 338
975 0 0 28 20 1027 463
976 0 0 6 29 1959 112
977 0 0 5 21 1075 735
978 0 0 26 17 1630 514
979 0 0 16 9 935 398
980 0 0 15 29 500 632
981 0 0 29 20 1294 509
982 0 0 3 10 1740 439
983 0 0 11 23 1875 371
984 0 0 14 11 1385 1008
985 0 0 3 29 635 817
986 0 0 17 17 424 1034
987 0 0 20 15 1535 411
988 0 0 20 22 536 1091
989 0 0 5 11 1658 653
990 0 0 22 5 821 308
991 0 0 21 5 1109 218
992 0 0 20 14 935 1070
993 1 0 13 29 1811 1092
994 0 0 5 4 536 144
995 0 0 4 15 1772 603
996 0 0 25 26 1189 779
997 0 0 4 4 1063 707
998 0 0 18 7 1437 451
999 0 0 15 5 1873 499
1000 0 0 27 5 599 645
1001 0 0 21 12 1193 726
1002 0 0 17 10 1373 329
1003 0 0 22 4 1242 462
1004 0 0 19 7 1107 339
1005 0 0 10 22 1075 288
1006 0 0 15 13 684 996
1007 0 0 28 7 672 419
1008 0 0 20 5 1362 879
1009 0 0 5 11 1958 956
1010 0 0 15 23 1114 910
1011 0 0 20 9 649 171
1012 0 0 29 11 1959 739
1013 0 0 5 13 1170 663
1014 0 0 18 13 880 1005
1015 0 0 3 28 1254 474
1016 0 0 6 19 1787 702
1017 0 0 21 21 1325 823
1018 0 0 18 25 445 165
1019 0 0 25 27 1314 784
1020 0 0 21 29 1257 462
1021 0 0 4 5 414 1063
1022 0 0 17 29 627 864
1023 0 0 14 3 1189 549
1024 0 0 8 23 313 835
1025 0 0 14 16 1886 190
1026 1 0 13 17 302 511
1027 0 0 14 27 1138 812
1028 0 0 20 25 1071 471
1029 0 0 26 6 1259 778
1030 0 0 27 23 1271 206
1031 0 0 5 8 1940 181
1032 0 0 23 29 1465 1073
1033 0 0 5 6 1553 573
1034 0 0 7 27 1496 952
1035 0 0 27 12 1185 811
1036 0 0 10 9 578 186
1037 0 0 25 19 1052 615
1038 0 0 3 8 613 269
1039 0 0 15 19 621 951
1040 1 0 11 17 288 1041
1041 0 0 11 22 795 378
1042 0 0 15 17 1850 358
1043 0 0 12 26 1409 771
1044 0 0 15 29 1838 270
1045 0 0 17 21 1388 482
1046 1 0 26 4 1830 204
1047 0 0 16 28 1636 473
1048 0 0 4 28 574 703
1049 0 0 11 25 380 775
1050 0 0 22 23 1065 626
1051 0 0 27 11 1613 548
1052 0 0 13 9 1832 382
1053 0 0 9 12 596 750
1054 0 0 6 8 1131 881
1055 0 0 21 3 1560 882
1056 1 0 9 16 342 955
1057 0 0 18 17 1763 188
1058 1 0 12 3 1193 633
1059 0 0 17 29 1546 124
1060 0 0 4 22 1389 159
1061 1 0 7 13 1006 313
1062 0 0 13 16 376 716
1063 0 0 4 15 1272 514
1064 0 0 21 20 1193 715
1065 0 0 12 26 1917 974
1066 0 0 5 3 215 922
1067 0 0 20 6 1273 577
1068 0 0 9 13 1909 1014
1069 1 0 28 15 1096 292
1070 1 0 21 20 1237 1067
1071 1 0 10 11 1549 323
1072 0 0 18 25 269 738
1073 0 0 28 19 762 910
1074 0 0 19 6 206 873
1075 0 0 22 3 1699 853
1076 0 0 13 12 236 397
1077 0 0 7 8 1436 1091
1078 0 0 23 3 268 223
1079 0 0 17 3 986 392
1080 0 0 12 20 1262 299
1081 0 0 27 10 1155 390
1082 1 0 12 8 1354 199
1083 0 0 3 14 1028 727
1084 0 0 24 22 1537 427
1085 0 0 16 29 616 1005
1086 0 0 23 10 817 615
1087 0 0 9 22 594 746
1088 0 0 5 14 506 426
1089 1 0 11 9 348 497
1090 0 0 28 22 1583 676
1091 0 0 25 18 1560 871
1092 0 0 4 5 1169 616
1093 0 0 26 10 1817 112
1094 0 0 7 5 355 679
1095 1 0 18 28 710 579
1096 0 0 20 15 1847 579
1097 0 0 17 29 441 1034
1098 0 0 6 9 1506 819
1099 1 0 26 3 1412 342
1100 0 0 20 23 403 573
1101 0 0 26 23 261 835
1102 0 0 20 27 316 896
1103 0 0 19 22 1050 831
1104 0 0 22 17 1661 202
1105 0 0 14 20 1133 883
1106 0 0 29 15 1252 989
1107 0 0 18 6 255 739
1108 0 0 26 21 1903 110
1109 0 0 24 22 217 664
1110 0 0 17 7 978 753
1111 0 0 29 12 292 914
1112 0 0 23 20 401 184
1113 0 0 3 7 297 572
1114 0 0 23 5 988 750
1115 0 0 23 6 1974 868
1116 0 0 23 29 1201 326
1117 0 0 3 18 914 519
1118 0 0 13 8 359 560
1119 0 0 25 6 390 1011
1120 0 0 24 7 1365 447
1121 0 0 24 9 1885 689
1122 1 0 11 12 846 677
1123 0 0 20 20 1143 736
1124 0 0 24 24 1651 198
1125 0 0 17 28 456 476
1126 0 0 23 16 1896 1072
1127 0 0 11 24 1383 1014
1128 0 0 8 18 523 1060
1129 0 0 9 10 1860 561
1130 0 0 21 19 641 740
1131 0 0 3 10 1196 229
1132 0 0 16 14 1116 143
1133 0 0 26 23 384 642
1134 0 0 4 5 1411 740
1135 0 0 9 8 1425 164
1136 0 0 14 13 438 243
1137 0 0 28 14 1648 1092
1138 0 0 5 7 1528 403
1139 0 0 10 13 592 397
1140 1 0 27 29 225 102
1141 1 0 27 7 1448 746
1142 0 0 23 23 1944 263
1143 0 0 7 23 912 480
1144 0 0 27 4 995 855
1145 0 0 13 15 796 440
1146 0 0 4 18 642 1035
1147 1 0 22 29 1073 574
1148 0 0 17 9 1454 1038
1149 0 0 16 14 1188 531
1150 0 0 10 5 620 924
1151 0 0 7 3 242 174
1152 0 0 22 27 381 748
1153 0 0 11 21 1943 121
1154 0 0 10 14 948 954
1155 0 0 22 22 1172 879
1156 0 0 29 25 252 178
1157 0 0 15 29 721 224
1158 0 0 27 21 883 303
1159 0 0 28 17 1693 849
1160 1 0 28 17 1945 972
1161 0 0 20 25 703 685
1162 0 0 9 23 656 926
1163 0 0 6 17 1354 845
1164 0 0 16 6 1200 286
1165 0 0 28 21 1000 722
1166 0 0 6 29 236 853
1167 0 0 29 22 1813 990
1168 0 0 13 24 1315 844
1169 0 0 6 8 1919 196
1170 0 0 21 16 240 130
1171 0 0 11 26 1204 947
1172 0 0 24 6 752 212
1173 0 0 13 29 1818 830
1174 0 0 21 8 434 881
1175 0 0 19 8 276 139
1176 0 0 21 25 907 336
1177 0 0 13 8 790 241
1178 0 0 13 28 1017 782
1179 0 0 27 9 1895 917
1180 0 0 9 9 1604 515
1181 0 0 4 14 1651 925
1182 0 0 12 27 1184 760
1183 1 0 29 18 402 661
1184 0 0 28 8 779 210
1185 0 0 27 15 1959 342
1186 0 0 11 27 672 862
1187 0 0 8 22 531 972
1188 0 0 3 28 1666 827
1189 0 0 11 24 1592 638
1190 0 0 19 14 1954 1064
1191 0 0 5 25 1790 881
1192 0 0 8 28 465 802
1193 1 0 7 19 400 264
1194 0 0 20 11 843 1046
1195 0 0 8 4 1184 357
1196 0 0 16 10 993 1068
1197 0 0 23 23 1081 369
1198 0 0 24 29 952 1014
1199 0 0 21 22 1601 986
1200 1 0 28 23 229 229
1201 0 0 22 29 206 620
1202 0 0 18 13 399 178
1203 0 0 26 4 950 163
1204 0 0 10 21 854 173
1205 0 0 8 20 815 946
1206 0 0 19 27 1964 673
1207 0 0 22 6 1926 171
1208 0 0 14 21 1368 417
1209 0 0 8 3 1982 626
1210 0 0 8 29 1562 977
1211 0 0 21 28 762 643
1212 0 0 17 26 1181 528
1213 0 0 26 21 226 274
1214 1 0 5 21 1395 426
1215 0 0 22 22 445 845
1216 0 0 15 15 1096 312
1217 0 0 22 23 260 599
1218 0 0 26 18 1476 330
1219 0 0 11 26 436 345
1220 0 0 28 15 1859 385
1221 0 0 15 6 864 860
1222 0 0 25 29 677 236
1223 0 0 19 28 1749 250
1224 1 0 9 4 1032 217
1225 0 0 15 4 1280 593
1226 0 0 5 7 1884 668
1227 0 0 6 11 1032 160
1228 0 0 8 13 332 964
1229 0 0 9 29 698 522
1230 0 0 26 27 284 472
1231 0 0 20 4 1539 1062
1232 0 0 27 21 1042 1043
1233 0 0 4 7 485 120
1234 0 0 22 10 1601 710
1235 0 0 26 17 1669 1043
1236 0 0 20 4 1790 698
1237 0 0 25 16 569 805
1238 0 0 21 9 1981 110
1239 0 0 13 26 326 1034
1240 0 0 26 5 939 698
1241 1 0 4 29 506 485
1242 0 0 27 25 385 304
1243 0 0 16 12 1332 546
1244 0 0 20 9 488 521
1245 0 0 16 7 539 306
1246 0 0 24 21 645 783
1247 0 0 11 17 1697 885
1248 0 0 8 26 1581 542
1249 1 0 13 23 1590 698
1250 0 0 9 19 1316 799
1251 0 0 15 25 1184 224
1252 0 0 13 3 1260 232
1253 0 0 20 25 1940 603
1254 1 0 9 23 432 605
1255 0 0 28 13 527 249
1256 0 0 25 5 1372 253
1257 0 0 6 16 1711 498
1258 0 0 13 25 1040 454
1259 1 0 14 29 557 164
1260 0 0 19 3 1171 563
1261 0 0 23 20 1322 539
1262 0 0 8 26 221 829
1263 0 0 27 11 360 415
1264 0 0 18 18 353 546
1265 0 0 15 20 1763 894
1266 0 0 27 15 1741 678
1267 1 0 20 12 1274 831
1268 0 0 17 8 1895 1080
1269 0 0 8 12 333 491
1270 1 0 20 22 1900 1079
1271 1 0 24 16 712 708
1272 0 0 22 10 1109 681
1273 0 0 19 18 853 451
1274 0 0 23 27 1166 380
1275 0 0 4 5 619 827
1276 0 0 13 20 1254 329
1277 0 0 5 19 405 942
1278 0 0 24 19 988 433
1279 0 0 3 5 607 196
1280 0 0 18 17 688 757
1281 0 0 5 23 1435 737
1282 0 0 17 26 1339 616
1283 0 0 16 4 1193 237
1284 0 0 8 23 1518 342
1285 0 0 22 8 1752 687
1286 0 0 8 19 1445 364
1287 0 0 28 6 269 873
1288 0 0 17 14 1787 104
1289 0 0 17 7 763 152
1290 0 0 21 9 1494 868
1291 0 0 25 5 1493 314
1292 0 0 4 14 394 912
1293 0 0 4 6 539 874
1294 0 0 19 7 1980 591
1295 1 0 13 17 440 615
1296 0 0 23 28 1483 650
1297 0 0 29 3 1822 532
1298 0 0 23 8 1608 662
1299 0 0 15 3 1433 360
1300 0 0 14 11 787 326
1301 0 0 3 19 921 852
1302 0 0 24 5 1532 741
1303 1 0 11 3 417 723
1304 0 0 16 4 824 644
1305 0 0 5 7 859 1049
1306 0 0 27 26 1133 728
1307 0 0 9 24 359 659
1308 0 0 7 19 1190 192
1309 1 0 23 9 204 982
1310 1 0 21 29 460 985
1311 0 0 14 11 287 766
1312 0 0 25 26 816 875
1313 0 0 12 28 1693 150
1314 0 0 6 7 341 113
1315 1 0 6 25 1765 662
1316 0 0 22 12 1432 205
1317 0 0 19 7 1529 482
1318 0 0 5 11 864 411
1319 0 0 12 19 1036 703
1320 0 0 8 21 477 741
1321 0 0 24 4 1030 242
1322 0 0 10 8 1078 993
1323 0 0 19 22 241 543
1324 0 0 19 28 1858 126
1325 0 0 4 20 1317 303
1326 0 0 10 5 890 167
1327 0 0 25 16 963 935
1328 0 0 5 20 1280 620
1329 0 0 24 10 1245 828
1330 0 0 29 7 1759 308
1331 0 0 24 7 417 804
1332 1 0 28 27 1323 219
1333 0 0 28 20 1773 1096
1334 0 0 23 8 1072 634
1335 0 0 27 26 423 142
1336 0 0 20 5 1152 188
1337 0 0 27 22 1565 992
1338 0 0 27 19 1857 726
1339 1 0 20 26 1124 737
1340 1 0 14 15 415 242
1341 0 0 10 11 1232 978
1342 0 0 27 19 245 1055
1343 0 0 22 17 1836 746
1344 0 0 11 4 1969 718
1345 0 0 24 13 370 827
1346 0 0 9 19 1921 623
1347 0 0 20 20 432 424
1348 0 0 3 24 1506 258
1349 0 0 9 29 1083 425
1350 0 0 10 28 1456 690
1351 0 0 22 17 1722 768
1352 0 0 17 20 1811 613
1353 0 0 11 12 1140 525
1354 0 0 6 12 1214 613
1355 0 0 27 10 1881 688
1356 0 0 13 28 1334 1082
1357 0 0 12 25 694 159
1358 0 0 9 8 1967 1095
1359 0 0 13 29 1941 431
1360 0 0 7 14 1378 392
1361 1 0 6 18 1879 420
1362 0 0 28 10 1721 484
1363 0 0 13 10 1551 662
1364 0 0 6 18 1083 636
1365 0 0 15 3 1626 786
1366 0 0 27 8 707 453
1367 0 0 5 6 1352 532
1368 0 0 21 28 1110 458
1369 0 0 11 6 1427 968
1370 0 0 8 29 759 424
1371 0 0 21 28 780 385
1372 0 0 15 7 628 961
1373 0 0 27 22 476 368
1374 0 0 17 21 1384 786
1375 0 0 28 23 919 964
1376 0 0 8 6 1382 427
1377 0 0 9 5 906 754
1378 0 0 10 12 1655 168
1379 0 0 3 29 807 866
1380 0 0 3 18 1235 328
1381 0 0 23 13 909 574
1382 0 0 16 17 1142 864
1383 0 0 21 9 348 389
1384 0 0 28 17 435 223
1385 0 0 16 23 579 156
1386 0 0 25 7 1313 311
1387 0 0 22 25 515 854
1388 0 0 12 6 1797 383
1389 0 0 5 16 269 726
1390 1 0 28 24 1291 850
1391 0 0 7 23 713 522
1392 0 0 20 19 1645 199
1393 0 0 21 13 375 121
1394 0 0 20 25 1142 585
1395 0 0 21 19 1359 263
1396 0 0 7 22 300 1060
1397 0 0 23 8 1820 780
1398 0 0 3 8 307 620
1399 0 0 29 23 1945 1002
1400 0 0 20 17 1470 603
1401 0 0 22 20 688 813
1402 0 0 20 19 608 490
1403 0 0 17 8 888 742
1404 0 0 18 25 877 840
1405 1 0 3 7 1009 165
1406 0 0 10 29 1619 490
1407 1 0 15 26 760 656
1408 0 0 7 8 928 100
1409 0 0 21 6 1481 187
1410 0 0 27 13 1392 1040
1411 0 0 10 27 1145 403
1412 0 0 10 28 1039 739
1413 0 0 6 7 368 536
1414 1 0 20 21 1181 469
1415 0 0 26 20 1349 175
1416 0 0 8 22 1568 221
1417 0 0 21 19 1028 403
1418 0 0 18 13 1773 159
1419 1 0 11 25 423 202
1420 0 0 25 21 1888 733
1421 1 0 16 3 1608 1045
1422 0 0 24 6 334 871
1423 1 0 29 19 1370 819
1424 0 0 11 28 306 596
1425 0 0 3 4 1022 182
1426 0 0 25 7 1911 985
1427 0 0 11 15 1856 618
1428 0 0 9 6 1274 120
1429 0 0 22 21 878 751
1430 0 0 13 29 1464 847
1431 0 0 5 9 957 546
1432 0 0 3 25 895 210
1433 0 0 19 17 414 619
1434 0 0 25 12 1270 757
1435 1 0 20 23 847 925
1436 1 0 16 29 767 480
1437 0 0 25 6 1453 194
1438 0 0 21 24 1418 612
1439 0 0 17 25 884 938
1440 0 0 18 5 962 560
1441 0 0 27 19 455 923
1442 1 0 26 27 1238 998
1443 0 0 11 24 1171 1010
1444 0 0 14 26 300 663
1445 0 0 23 23 1501 214
1446 0 0 7 25 1171 1042
1447 0 0 9 13 990 1038
1448 0 0 25 13 833 312
1449 0 0 28 8 1863 611
1450 0 0 27 7 1015 417
1451 0 0 6 29 957 1075
1452 0 0 8 21 1511 505
1453 0 0 5 10 737 526
1454 1 0 11 25 1146 299
1455 1 0 7 19 1757 865
1456 0 0 19 5 1457 783
1457 0 0 26 5 654 634
1458 0 0 23 12 1200 186
1459 0 0 20 20 1593 129
1460 0 0 3 5 1690 492
1461 0 0 9 13 563 174
1462 0 0 20 10 549 125
1463 0 0 21 6 1169 1057
1464 0 0 5 9 1950 202
1465 0 0 27 8 454 915
1466 0 0 28 18 1303 323
1467 0 0 7 23 351 555
1468 1 0 21 7 723 398
1469 0 0 7 15 1015 183
1470 0 0 23 29 1608 1038
1471 1 0 4 16 918 189
1472 0 0 22 13 778 271
1473 0 0 3 5 454 915
1474 0 0 24 20 949 414
1475 0 0 14 29 428 601
1476 0 0 11 5 682 690
1477 0 0 11 15 242 607
1478 0 0 28 11 385 827
1479 1 0 19 6 1682 347
1480 0 0 12 11 1971 238
1481 1 0 11 25 681 403
1482 0 0 17 15 1177 831
1483 0 0 4 9 1560 683
1484 0 0 4 8 1774 974
1485 0 0 4 4 506 1004
1486 0 0 23 17 1612 909
1487 1 0 20 16 1065 865
1488 0 0 10 21 1456 336
1489 0 0 28 11 935 1047
1490 0 0 6 14 815 857
1491 1 0 5 17 583 797
1492 0 0 19 11 1989 729
1493 0 0 20 12 809 927
1494 0 0 21 26 1326 109
1495 0 0 9 24 1450 281
1496 0 0 28 6 482 261
1497 0 0 25 4 1248 991
1498 0 0 4 24 738 213
1499 0 0 5 4 1507 517
1500 0 0 20 15 476 449
1501 0 0 6 11 353 661
1502 0 0 14 16 1658 645
1503 0 0 16 11 949 412
1504 0 0 28 27 464 451
1505 0 0 14 24 1760 361
1506 0 0 22 13 973 1014
1507 0 0 17 21 679 933
1508 0 0 26 24 798 856
1509 0 0 25 10 1566 417
1510 0 0 9 21 1960 437
1511 0 0 29 18 1629 567
1512 1 0 21 29 874 1047
1513 0 0 10 25 686 170
1514 0 0 21 9 312 415
1515 0 0 13 7 349 1047
1516 1 0 4 29 1114 391
1517 0 0 5 5 1670 704
1518 0 0 6 20 325 344
1519 0 0 8 6 1612 154
1520 0 0 8 19 647 545
1521 1 0 9 14 1272 172
1522 0 0 7 9 1442 1088
1523 0 0 26 7 878 966
1524 0 0 9 28 814 386
1525 0 0 19 13 1450 377
1526 0 0 18 3 1146 651
1527 0 0 16 15 807 258
1528 0 0 12 29 481 493
1529 0 0 22 12 834 418
1530 0 0 26 9 1763 724
1531 0 0 19 15 1518 113
1532 0 0 21 16 1557 279
1533 0 0 18 11 1529 1048
1534 0 0 14 16 1685 113
1535 0 0 12 4 921 338
1536 0 0 25 27 446 868
1537 1 0 28 26 1549 271
1538 0 0 18 3 1027 1069
1539 0 0 26 20 1458 922
1540 0 0 19 19 506 300
1541 0 0 5 18 1351 848
1542 0 0 17 4 587 151
1543 0 0 26 10 1675 670
1544 1 0 14 21 663 200
1545 0 0 28 12 382 886
1546 0 0 19 18 885 851
1547 0 0 27 27 1554 267
1548 0 0 15 19 415 387
1549 0 0 5 22 1459 132
1550 0 0 9 28 881 422
1551 0 0 3 8 1979 330
1552 0 0 29 12 1647 886
1553 0 0 16 24 1258 304
1554 1 0 29 4 1833 1031
1555 0 0 23 12 1400 643
1556 0 0 17 21 1293 220
1557 1 0 12 13 1405 532
1558 0 0 14 27 1769 721
1559 0 0 9 25 1206 264
1560 0 0 8 15 596 412
1561 0 0 18 26 774 178
1562 1 0 18 6 930 732
1563 0 0 29 28 1475 579
1564 0 0 8 20 1009 468
1565 0 0 17 26 921 288
1566 0 0 11 23 389 396
1567 1 0 18 14 1636 842
1568 0 0 16 16 1811 391
1569 0 0 11 6 1673 286
1570 0 0 11 8 897 235
1571 0 0 23 17 1956 742
1572 1 0 23 5 1029 621
1573 0 0 29 17 958 1026
1574 0 0 18 9 1274 353
1575 0 0 10 29 265 854
1576 0 0 26 4 665 110
1577 0 0 18 14 1834 1054
1578 0 0 6 25 1760 156
1579 0 0 8 12 248 737
1580 0 0 23 19 1542 421
1581 1 0 26 25 665 687
1582 0 0 3 9 334 629
1583 0 0 8 7 452 257
1584 0 0 6 13 896 1100
1585 0 0 13 4 1622 1100
1586 0 0 28 10 1087 109
1587 0 0 12 28 807 294
1588 0 0 4 6 291 1000
1589 0 0 18 20 219 515
1590 0 0 9 12 1374 538
1591 0 0 27 20 656 1035
1592 0 0 19 23 490 669
1593 0 0 22 18 345 594
1594 0 0 27 12 1039 230
1595 1 0 15 9 559 189
1596 0 0 15 23 889 498
1597 0 0 4 10 492 808
1598 0 0 25 19 1094 857
1599 0 0 23 13 1116 599
1600 0 0 3 16 469 1036
1601 0 0 9 18 1877 376
1602 0 0 20 9 1656 123
1603 0 0 15 27 1311 410
1604 0 0 11 17 227 720
1605 0 0 27 8 642 764
1606 0 0 5 3 1688 692
1607 0 0 4 20 375 599
1608 0 0 29 11 1023 202
1609 0 0 14 7 1225 177
1610 0 0 5 22 1964 980
1611 0 0 17 5 551 678
1612 0 0 5 26 1352 612
1613 0 0 18 19 1262 847
1614 0 0 24 26 1258 629
1615 0 0 11 7 1641 695
1616 1 0 17 11 352 518
1617 0 0 20 4 1258 521
1618 0 0 13 12 1974 622
1619 0 0 17 13 605 694
1620 0 0 18 13 1385 129
1621 0 0 28 13 1217 605
1622 0 0 3 26 1870 659
1623 0 0 13 16 690 134
1624 0 0 4 20 1818 249
1625 0 0 28 25 1932 129
1626 1 0 9 20 1580 478
1627 0 0 7 21 1787 927
1628 0 0 29 23 315 895
1629 0 0 6 4 1161 630
1630 0 0 28 12 1221 127
1631 0 0 18 4 1485 996
1632 0 0 8 19 996 947
1633 0 0 5 19 1224 584
1634 0 0 17 16 241 434
1635 0 0 7 18 931 426
1636 0 0 11 12 694 790
1637 0 0 15 4 1549 212
1638 0 0 22 7 1018 243
1639 0 0 26 24 535 1005
1640 0 0 20 20 1925 819
1641 0 0 4 20 1796 270
1642 0 0 22 27 343 262
1643 0 0 7 20 798 264
1644 0 0 10 21 810 299
1645 0 0 13 29 1255 119
1646 1 0 8 15 1867 801
1647 0 0 3 28 1518 374
1648 0 0 18 26 810 152
1649 1 0 9 21 934 1029
1650 0 0 22 16 1131 568
1651 0 0 17 16 1615 994
1652 0 0 9 25 1573 1003
1653 0 0 4 26 733 507
1654 0 0 11 24 1034 512
1655 0 0 24 11 359 253
1656 0 0 21 20 1328 207
1657 1 0 12 17 358 959
1658 0 0 25 4 1120 202
1659 0 0 28 15 810 1054
1660 0 0 7 21 310 574
1661 0 0 26 20 253 738
1662 0 0 24 27 1632 497
1663 0 0 25 29 551 696
1664 0 0 28 25 849 163
1665 0 0 17 23 521 1054
1666 0 0 26 9 718 386
1667 0 0 28 10 1102 768
1668 0 0 6 9 537 1073
1669 0 0 28 25 927 913
1670 0 0 26 5 1292 170
1671 0 0 24 14 495 477
1672 0 0 9 18 398 641
1673 0 0 12 26 509 1066
1674 1 0 22 6 606 543
1675 0 0 5 6 393 914
1676 0 0 20 8 683 868
1677 0 0 14 23 1091 679
1678 0 0 4 29 224 924
1679 0 0 22 9 1177 414
1680 0 0 12 13 1264 839
1681 0 0 22 27 465 151
1682 0 0 21 22 431 1027
1683 0 0 20 29 1024 501
1684 1 0 13 7 1047 175
1685 0 0 27 10 817 800
1686 0 0 13 5 544 546
1687 0 0 18 21 1754 802
1688 0 0 25 22 440 968
1689 0 0 18 17 234 869
1690 0 0 7 6 319 1010
1691 0 0 12 27 574 1067
1692 0 0 27 4 1854 944
1693 1 0 26 16 1019 1065
1694 0 0 11 13 1321 743
1695 0 0 6 5 697 465
1696 1 0 27 8 1538 411
1697 0 0 13 12 1022 486
1698 0 0 28 15 1631 249
1699 1 0 24 27 611 296
1700 0 0 12 15 1896 674
1701 0 0 5 17 317 693
1702 0 0 4 8 628 811
1703 0 0 16 16 1643 585
1704 1 0 3 7 900 294
1705 0 0 22 27 1007 1010
1706 0 0 28 7 1195 646
1707 0 0 12 4 1184 716
1708 1 0 13 17 1547 619
1709 1 0 29 3 856 769
1710 0 0 24 21 1672 373
1711 0 0 16 22 1736 349
1712 0 0 6 19 1194 455
1713 0 0 21 12 1981 617
1714 0 0 21 4 1090 699
1715 0 0 28 28 1552 238
1716 0 0 26 10 852 1081
1717 0 0 5 18 209 222
1718 0 0 25 11 1429 1005
1719 0 0 11 8 327 1033
1720 0 0 25 4 790 878
1721 0 0 5 14 704 612
1722 0 0 28 16 539 327
1723 1 0 19 15 1682 1065
1724 0 0 21 15 1556 630
1725 1 0 22 7 723 463
1726 0 0 3 11 435 1021
1727 0 0 19 17 228 532
1728 0 0 12 14 1813 173
1729 0 0 11 10 1180 445
1730 0 0 15 20 291 503
1731 0 0 25 13 264 710
1732 0 0 17 12 606 1065
1733 0 0 25 13 1539 620
1734 0 0 24 16 836 840
1735 0 0 15 26 1640 727
1736 0 0 14 12 773 754
1737 0 0 20 26 1629 919
1738 0 0 8 6 265 590
1739 0 0 27 8 1080 349
1740 0 0 8 20 491 743
1741 0 0 19 10 1756 514
1742 0 0 22 17 1138 285
1743 0 0 4 9 1352 942
1744 0 0 18 23 750 1069
1745 0 0 24 7 1725 207
1746 0 0 21 5 433 894
1747 0 0 10 26 894 120
1748 0 0 26 16 227 731
1749 0 0 27 18 729 351
1750 0 0 29 5 604 104
1751 0 0 8 13 317 245
1752 0 0 18 21 1031 440
1753 0 0 11 17 566 1017
1754 0 0 4 27 1844 874
1755 0 0 4 8 477 777
1756 1 0 13 21 1911 390
1757 0 0 27 22 1917 726
1758 0 0 23 18 1853 494
1759 1 0 15 21 206 413
1760 0 0 25 8 321 630
1761 1 0 4 29 1090 554
1762 0 0 23 11 357 1084
1763 0 0 20 15 1923 553
1764 0 0 16 22 1857 498
1765 0 0 20 24 1734 553
1766 0 0 8 27 720 923
1767 0 0 24 17 1982 1082
1768 0 0 9 22 262 115
1769 0 0 11 16 1227 290
1770 0 0 18 29 1065 811
1771 0 0 22 26 1606 937
1772 1 0 14 13 1348 207
1773 0 0 18 13 1909 134
1774 0 0 3 15 1571 611
1775 0 0 15 4 538 941
1776 0 0 22 29 373 116
1777 0 0 10 6 1221 863
1778 1 0 9 12 223 432
1779 1 0 24 14 365 411
1780 0 0 15 3 1349 582
1781 0 0 4 9 1675 234
1782 0 0 15 8 1929 384
1783 0 0 14 25 614 1055
1784 0 0 24 18 1951 807
1785 0 0 9 21 405 638
1786 0 0 14 12 1018 604
1787 0 0 21 21 659 571
1788 0 0 21 27 1784 132
1789 0 0 15 27 542 677
1790 0 0 4 24 952 647
1791 0 0 24 3 1330 895
1792 0 0 6 24 403 137
1793 0 0 22 13 423 499
1794 0 0 9 18 1513 229
1795 1 0 25 3 747 312
1796 0 0 28 17 682 734
1797 0 0 13 28 1848 710
1798 0 0 8 5 1201 279
1799 0 0 10 23 1166 338
1800 0 0 13 23 1327 631
1801 0 0 6 4 308 704
1802 0 0 22 4 1627 980
1803 0 0 12 6 363 412
1804 0 0 16 24 1967 1041
1805 0 0 13 29 516 675
1806 0 0 17 8 844 529
1807 0 0 8 12 1243 144
1808 0 0 6 19 306 544
1809 0 0 8 21 530 785
1810 0 0 18 7 463 671
1811 0 0 18 23 1060 1061
1812 0 0 5 18 1080 361
1813 0 0 3 19 1929 967
1814 0 0 20 19 1647 316
1815 0 0 10 8 1985 771
1816 0 0 12 24 1959 815
1817 0 0 9 11 1611 731
1818 0 0 4 19 667 225
1819 0 0 24 27 399 956
1820 0 0 19 3 1038 236
1821 0 0 5 9 1658 511
1822 0 0 10 23 1851 903
1823 0 0 15 8 1910 328
1824 0 0 5 25 275 387
1825 0 0 10 11 814 756
1826 0 0 25 8 1130 750
1827 1 0 23 20 1910 565
1828 0 0 15 29 379 202
1829 1 0 7 13 1608 294
1830 0 0 21 19 1436 433
1831 0 0 20 15 586 351
1832 0 0 28 11 1355 146
1833 0 0 28 22 1900 229
1834 0 0 20 4 1971 859
1835 0 0 8 29 528 700
1836 0 0 4 14 496 811
1837 0 0 27 12 1246 923
1838 0 0 15 15 276 707
1839 1 0 12 8 1705 130
1840 1 0 22 12 1467 180
1841 0 0 19 16 1877 1035
1842 0 0 4 14 463 591
1843 0 0 18 19 663 384
1844 0 0 29 25 1749 307
1845 0 0 5 16 1502 152
1846 0 0 24 7 1789 829
1847 0 0 26 12 513 653
1848 1 0 28 28 576 1094
1849 0 0 27 11 1751 447
1850 0 0 15 12 589 1012
1851 0 0 15 27 1071 535
1852 0 0 29 22 1269 660
1853 0 0 24 17 1047 656
1854 0 0 16 27 1795 249
1855 0 0 7 23 1249 764
1856 0 0 17 10 1501 165
1857 0 0 23 11 956 686
1858 1 0 16 7 1316 585
1859 0 0 14 17 1800 795
1860 0 0 29 13 346 953
1861 0 0 7 21 1150 653
1862 0 0 5 7 252 994
1863 0 0 18 8 1112 779
1864 0 0 16 26 1407 362
1865 0 0 14 13 606 828
1866 0 0 7 22 949 647
1867 0 0 29 19 1700 922
1868 0 0 26 24 920 745
1869 0 0 10 14 1701 681
1870 1 0 21 26 1496 319
1871 0 0 11 18 1691 699
1872 1 0 20 22 214 613
1873 0 0 11 9 1356 148
1874 1 0 4 28 1498 780
1875 0 0 13 18 1063 493
1876 1 0 19 14 777 133
1877 0 0 11 8 1617 365
1878 0 0 13 16 679 1094
1879 0 0 29 21 204 279
1880 0 0 28 12 1600 482
1881 0 0 15 7 600 1054
1882 0 0 20 9 627 708
1883 0 0 4 13 1823 815
1884 0 0 17 24 1743 393
1885 0 0 24 4 363 661
1886 0 0 28 21 1555 132
1887 0 0 22 4 1705 523
1888 0 0 10 12 1385 903
1889 0 0 29 24 1406 937
1890 0 0 5 13 636 623
1891 0 0 23 11 1028 439
1892 1 0 11 20 1304 206
1893 0 0 15 23 612 341
1894 0 0 11 21 538 322
1895 0 0 21 21 1814 265
1896 1 0 5 21 1073 208
1897 0 0 12 13 1047 1032
1898 0 0 8 7 390 840
1899 0 0 18 29 313 785
1900 0 0 21 14 758 692
1901 0 0 12 28 920 460
1902 1 0 12 21 1507 608
1903 0 0 28 15 1301 118
1904 0 0 27 12 1648 189
1905 1 0 29 26 1054 123
1906 0 0 16 5 1867 139
1907 0 0 27 10 1248 326
1908 0 0 5 28 1389 872
1909 0 0 27 6 1685 130
1910 0 0 5 29 1888 218
1911 0 0 19 13 352 144
1912 0 0 16 12 1810 594
1913 0 0 22 7 1526 165
1914 0 0 26 28 1542 1019
1915 1 0 14 25 1403 157
1916 1 0 29 13 1591 612
1917 0 0 23 23 431 760
1918 0 0 7 3 1008 745
1919 0 0 23 23 1415 425
1920 0 0 9 11 1321 844
1921 0 0 24 25 1775 377
1922 1 0 17 29 1373 411
1923 0 0 5 24 1278 725
1924 0 0 18 26 883 939
1925 0 0 8 8 1725 1017
1926 0 0 18 27 558 284
1927 0 0 23 12 378 179
1928 0 0 9 11 1544 346
1929 0 0 24 20 993 961
1930 0 0 16 26 323 103
1931 0 0 15 26 845 133
1932 0 0 9 24 508 569
1933 0 0 3 25 1955 986
1934 0 0 3 29 1868 158
1935 0 0 17 25 1100 867
1936 1 0 9 7 1983 554
1937 0 0 11 26 361 420
1938 0 0 19 28 1855 303
1939 0 0 17 28 1702 724
1940 0 0 23 10 773 764
1941 0 0 21 22 1613 277
1942 0 0 10 8 1649 863
1943 0 0 25 23 1550 523
1944 0 0 6 18 794 983
1945 0 0 29 28 778 116
1946 0 0 16 9 1093 581
1947 0 0 22 21 235 674
1948 0 0 8 9 1902 884
1949 1 0 29 7 1438 813
1950 0 0 29 10 1775 284
1951 0 0 10 3 1474 578
1952 0 0 23 17 408 1040
1953 0 0 20 3 412 1082
1954 0 0 28 12 674 218
1955 0 0 27 16 1785 191
1956 0 0 24 13 282 747
1957 0 0 29 12 1087 385
1958 0 0 9 4 1071 664
1959 0 0 15 14 735 1065
1960 0 0 17 25 1051 561
1961 0 0 15 20 1079 116
1962 1 0 25 21 1693 1064
1963 0 0 5 28 459 671
1964 0 0 16 8 1020 127
1965 0 0 10 15 695 206
1966 0 0 9 11 322 565
1967 0 0 3 28 547 391
1968 0 0 25 8 657 310
1969 0 0 22 28 1829 409
1970 0 0 24 10 1046 890
1971 0 0 9 15 756 899
1972 0 0 13 23 1751 1037
1973 0 0 18 15 774 201
1974 0 0 8 27 1423 760
1975 0 0 27 5 1063 142
1976 0 0 12 12 1143 322
1977 0 0 19 7 1167 791
1978 0 0 10 12 707 831
1979 0 0 7 28 1038 716
1980 0 0 28 6 1544 1073
1981 0 0 5 8 598 731
1982 0 0 24 28 1549 854
1983 0 0 28 11 804 516
1984 0 0 29 29 1279 184
1985 0 0 10 21 1962 263
1986 0 0 6 22 360 624
1987 0 0 25 29 731 497
1988 0 0 11 26 356 806
1989 0 0 24 18 471 404
1990 0 0 16 23 1227 208
1991 0 0 14 7 1644 263
1992 0 0 19 21 1758 855
1993 0 0 22 3 1363 538
1994 0 0 3 12 1649 754
1995 0 0 14 15 1679 912
1996 0 0 24 22 1495 541
1997 1 0 4 13 1689 515
1998 0 0 29 17 1787 480
1999 0 0 12 7 1773 623
2000 0 0 19 27 1480 560
2001 0 0 20 14 1182 368
2002 0 0 14 4 1980 766
2003 0 0 20 5 941 568
2004 0 0 12 27 290 499
2005 1 0 10 11 1788 675
2006 0 0 8 13 1170 417
2007 0 0 25 14 1693 666
2008 0 0 29 6 584 1099
2009 0 0 13 15 1181 251
2010 0 0 15 20 1330 1027
2011 0 0 15 17 1526 818
2012 0 0 4 21 1405 617
2013 0 0 12 13 871 1095
2014 0 0 5 18 1514 361
2015 0 0 10 12 1625 941
2016 0 0 15 23 278 127
2017 0 0 4 12 584 272
2018 0 0 19 26 1841 909
2019 0 0 26 21 1214 1060
2020 0 0 27 29 1211 128
2021 1 0 19 16 1041 721
2022 0 0 26 16 1566 653
2023 0 0 23 8 1745 152
2024 0 0 18 15 1331 210
2025 0 0 25 16 542 452
2026 0 0 12 9 1109 334
2027 1 0 5 29 1947 600
2028 0 0 24 20 786 668
2029 0 0 11 8 1472 276
2030 0 0 21 13 1599 657
2031 0 0 23 11 1589 684
2032 0 0 28 24 1347 1017
2033 0 0 7 17 1210 227
2034 0 0 26 28 1372 594
2035 0 0 7 28 1656 987
2036 0 0 21 12 1773 859
2037 0 0 25 28 1218 860
2038 0 0 23 4 1255 451
2039 0 0 20 3 498 997
2040 0 0 15 28 939 445
2041 0 0 6 10 298 997
2042 0 0 16 13 855 926
2043 0 0 28 29 1850 716
2044 0 0 19 27 1535 409
2045 0 0 22 24 1605 1042
2046 0 0 9 8 567 619
2047 0 0 22 8 1510 599
2048 0 0 11 10 327 858
2049 0 0 20 14 1261 859
2050 0 0 15 10 1346 1078
2051 0 0 5 29 1034 674
2052 0 0 10 17 1261 489
2053 0 0 17 17 1781 952
2054 0 0 12 24 1179 1082
2055 0 0 3 25 809 713
2056 0 0 20 25 226 572
2057 0 0 13 17 1406 313
2058 0 0 9 25 1134 966
2059 0 0 6 15 603 1013
2060 0 0 12 8 1042 824
2061 0 0 15 17 1944 502
2062 1 0 16 8 590 652
2063 1 0 21 10 330 1036
2064 0 0 13 22 759 450
2065 0 0 18 26 1786 422
2066 1 0 9 19 1495 928
2067 0 0 6 20 1714 1041
2068 0 0 16 28 1803 209
2069 0 0 18 15 944 116
2070 0 0 29 23 1180 257
2071 0 0 20 16 457 508
2072 0 0 8 8 1923 980
2073 0 0 20 24 1037 172
2074 0 0 20 18 564 576
2075 0 0 25 22 508 462
2076 0 0 3 9 816 653
2077 0 0 11 20 1821 912
2078 0 0 27 7 1471 714
2079 0 0 28 21 1088 816
2080 0 0 20 27 437 401
2081 0 0 13 25 660 480
2082 0 0 28 29 1840 908
2083 0 0 28 8 1824 942
2084 0 0 15 9 1222 982
2085 0 0 26 25 1791 883
2086 0 0 11 3 750 814
2087 0 0 12 23 1220 428
2088 0 0 29 22 1594 910
2089 0 0 14 18 441 179
2090 0 0 18 4 1187 1051
2091 0 0 9 8 341 220
2092 1 0 26 23 1971 1003
2093 0 0 10 14 645 907
2094 0 0 24 17 1457 994
2095 0 0 27 21 631 1079
2096 0 0 28 3 1399 535
2097 0 0 12 6 1324 912
2098 0 0 22 26 634 486
2099 0 0 21 18 834 288
2100 0 0 21 27 1391 751
2101 0 0 8 28 786 978
2102 0 0 27 29 206 523
2103 0 0 8 23 542 645
2104 0 0 16 12 876 712
2105 0 0 14 5 698 811
2106 0 0 10 14 1119 279
2107 0 0 8 5 448 455
2108 0 0 23 18 687 462
2109 0 0 4 19 712 535
2110 0 0 4 20 348 589
2111 0 0 23 12 1960 590
2112 0 0 9 20 1948 312
2113 0 0 24 4 1624 593
2114 0 0 8 17 1156 471
2115 0 0 21 21 1038 824
2116 0 0 10 9 890 639
2117 0 0 20 26 1171 966
2118 0 0 13 25 1212 845
2119 0 0 11 5 270 603
2120 1 0 21 7 1217 136
2121 0 0 4 18 1071 113
2122 0 0 11 15 641 677
2123 0 0 3 11 806 964
2124 0 0 3 21 469 110
2125 0 0 7 26 460 782
2126 0 0 13 6 1038 294
2127 0 0 16 20 478 167
2128 0 0 10 7 771 682
2129 0 0 23 5 1459 151
2130 0 0 16 14 1473 228
2131 0 0 21 27 918 422
2132 1 0 13 16 1179 418
2133 0 0 18 19 1176 1055
2134 0 0 27 10 708 522
2135 1 0 17 26 551 624
2136 0 0 28 24 1893 654
2137 1 0 28 17 1741 767
2138 0 0 27 21 553 272
2139 0 0 23 6 501 289
2140 0 0 4 14 1786 693
2141 0 0 6 12 673 133
2142 0 0 25 28 1815 808
2143 0 0 7 21 1232 258
2144 0 0 28 9 678 675
2145 0 0 17 25 1089 380
2146 0 0 12 21 265 594
2147 0 0 6 7 1808 580
2148 0 0 13 26 1709 280
2149 0 0 21 26 1633 403
2150 0 0 3 22 1453 999
2151 0 0 29 12 326 382
2152 0 0 8 22 270 603
2153 0 0 5 4 1923 868
2154 0 0 12 13 1324 992
2155 0 0 7 29 1285 494
2156 0 0 6 3 1774 467
2157 0 0 15 24 1004 187
2158 1 0 22 22 831 634
2159 0 0 5 10 532 224
2160 0 0 21 19 1401 562
2161 1 0 25 21 1276 406
2162 0 0 12 17 1325 406
2163 0 0 16 4 654 172
2164 0 0 4 6 792 366
2165 0 0 28 8 596 117
2166 0 0 3 19 1050 568
2167 0 0 9 10 973 166
2168 0 0 6 11 1895 1021
2169 0 0 27 5 820 589
2170 0 0 7 24 1172 967
2171 0 0 6 10 1333 276
2172 0 0 21 16 298 523
2173 0 0 20 9 321 582
2174 0 0 18 12 1485 202
2175 0 0 26 6 600 778
2176 0 0 18 27 1756 1057
2177 1 0 28 29 205 939
2178 0 0 29 15 387 933
2179 0 0 3 15 901 881
2180 1 0 29 21 635 875
2181 0 0 28 23 725 736
2182 0 0 13 8 1481 806
2183 0 0 22 28 1452 766
2184 0 0 13 8 438 263
2185 1 0 4 16 1380 990
2186 0 0 25 25 309 903
2187 0 0 10 22 798 1041
2188 0 0 15 21 445 963
2189 0 0 8 11 1150 264
2190 0 0 16 19 1360 499
2191 0 0 28 16 579 842
2192 0 0 3 6 1873 705
2193 0 0 25 5 1871 923
2194 0 0 20 15 1768 886
2195 0 0 29 28 1938 111
2196 0 0 26 11 435 322
2197 0 0 3 14 1581 529
2198 0 0 3 4 1274 130
2199 0 0 14 15 1678 148
2200 0 0 21 18 462 745
2201 0 0 20 8 1105 669
2202 0 0 28 8 1977 730
2203 0 0 10 28 1252 163
2204 0 0 25 17 623 1017
2205 0 0 27 10 1004 239
2206 1 0 3 20 1699 912
2207 0 0 6 10 1880 457
2208 0 0 6 11 1979 532
2209 0 0 9 23 366 489
2210 0 0 19 6 1571 1085
2211 0 0 15 4 1103 903
2212 0 0 17 29 1350 372
2213 0 0 22 4 304 946
2214 0 0 16 24 1570 876
2215 1 0 11 5 1422 980
2216 0 0 10 3 564 353
2217 0 0 16 28 377 459
2218 0 0 9 4 1112 621
2219 0 0 23 13 560 1048
2220 0 0 20 7 1672 1066
2221 0 0 18 11 506 314
2222 0 0 8 9 369 727
2223 0 0 3 14 1693 485
2224 0 0 19 14 1303 453
2225 0 0 12 19 393 850
2226 0 0 25 26 1406 125
2227 0 0 25 4 1445 846
2228 0 0 10 20 380 309
2229 0 0 22 9 715 561
2230 0 0 21 12 563 140
2231 0 0 26 7 891 1085
2232 0 0 22 7 1069 502
2233 0 0 23 18 1398 761
2234 0 0 22 24 1666 1073
2235 0 0 29 6 923 170
2236 0 0 3 14 843 890
2237 0 0 22 17 485 457
2238 0 0 6 8 1141 106
2239 1 0 15 16 1713 789
2240 0 0 12 23 1937 559
2241 0 0 22 10 1576 151
2242 0 0 20 5 486 698
2243 0 0 11 9 1017 445
2244 0 0 18 26 1805 540
2245 0 0 18 27 1495 1018
2246 0 0 9 13 920 654
2247 0 0 11 25 1253 895
2248 0 0 28 14 1253 489
2249 0 0 9 27 1010 631
2250 0 0 12 13 1802 1100
2251 0 0 18 20 1665 661
2252 0 0 28 29 1885 839
2253 0 0 21 20 1945 188
2254 0 0 25 8 1636 211
2255 0 0 25 5 637 293
2256 0 0 26 23 273 909
2257 1 0 4 20 358 427
2258 0 0 18 3 1619 971
2259 0 0 4 24 1806 1097
2260 0 0 6 18 571 151
2261 0 0 16 6 1831 764
2262 0 0 25 17 1692 816
2263 0 0 12 17 1108 769
2264 0 0 5 3 1178 110
2265 0 0 13 12 907 269
2266 0 0 11 20 453 670
2267 0 0 24 28 1676 191
2268 0 0 10 26 727 1068
2269 0 0 29 18 323 372
2270 1 0 6 6 1244 222
2271 0 0 8 15 751 970
2272 0 0 6 12 1907 757
2273 0 0 5 27 825 1071
2274 0 0 29 22 497 1033
2275 1 0 15 16 1431 738
2276 0 0 16 21 1602 618
2277 1 0 5 28 829 713
2278 0 0 26 16 524 576
2279 0 0 10 13 1237 388
2280 0 0 21 21 574 1024
2281 0 0 9 5 227 398
2282 0 0 24 5 1646 508
2283 0 0 8 5 1444 527
2284 0 0 16 4 1534 247
2285 0 0 7 17 1324 583
2286 0 0 27 16 1155 110
2287 0 0 13 23 1624 963
2288 0 0 27 12 925 346
2289 1 0 14 22 869 879
2290 0 0 4 27 1485 768
2291 0 0 14 24 747 695
2292 0 0 14 7 1087 175
2293 0 0 9 15 1106 123
2294 0 0 27 16 1078 405
2295 0 0 25 27 1197 305
2296 0 0 10 5 1801 369
2297 0 0 10 18 1871 878
2298 0 0 24 11 665 165
2299 0 0 11 22 1364 204
2300 0 0 23 26 918 997
2301 0 0 27 23 335 1056
2302 0 0 11 3 1824 207
2303 0 0 18 24 1164 865
2304 1 0 7 9 1000 977
2305 1 0 16 11 565 200
2306 0 0 19 6 1004 699
2307 0 0 4 25 1004 782
2308 0 0 14 20 1521 708
2309 0 0 26 16 627 197
2310 0 0 27 13 1603 243
2311 0 0 13 6 996 835
2312 0 0 27 19 1500 505
2313 0 0 18 25 654 586
2314 1 0 7 17 1492 1051
2315 1 0 19 3 664 445
2316 0 0 20 8 1071 496
2317 0 0 26 10 1485 555
2318 0 0 27 7 823 745
2319 0 0 29 29 1797 799
2320 1 0 29 11 737 297
2321 0 0 7 24 1348 191
2322 0 0 4 9 1204 622
2323 0 0 5 10 1628 722
2324 0 0 28 15 1725 444
2325 0 0 14 28 1345 841
2326 0 0 23 19 1184 125
2327 0 0 16 19 1142 367
2328 0 0 13 26 1338 609
2329 0 0 3 7 1813 186
2330 0 0 8 7 1518 638
2331 1 0 6 26 1098 478
2332 0 0 28 22 675 254
2333 0 0 4 23 303 409
2334 0 0 18 20 1242 205
2335 0 0 9 21 1425 498
2336 0 0 18 25 1644 405
2337 1 0 17 21 1554 352
2338 0 0 18 4 956 656
2339 0 0 10 20 755 960
2340 0 0 5 6 529 772
2341 0 0 16 16 1091 981
2342 0 0 8 24 1085 379
2343 0 0 10 25 545 361
2344 0 0 9 10 810 287
2345 0 0 25 26 1954 321
2346 0 0 24 4 712 513
2347 0 0 22 10 1439 484
2348 0 0 17 16 736 877
2349 0 0 22 10 288 344
2350 0 0 26 17 1358 789
2351 0 0 7 23 1109 104
2352 0 0 23 29 645 296
2353 0 0 28 9 1693 910
2354 1 0 21 15 604 560
2355 1 0 7 4 1872 555
2356 0 0 21 3 1038 1018
2357 0 0 26 4 550 356
2358 0 0 15 20 1832 1055
2359 0 0 11 25 1578 986
2360 1 0 14 28 900 383
2361 0 0 14 9 589 286
2362 0 0 23 23 1300 866
2363 0 0 11 8 270 106
2364 1 0 3 16 427 156
2365 0 0 16 15 817 353
2366 0 0 27 26 1905 987
2367 0 0 25 9 738 157
2368 0 0 8 17 565 475
2369 0 0 16 11 1683 560
2370 0 0 17 29 1602 1004
2371 0 0 21 7 1267 590
2372 0 0 26 8 778 472
2373 0 0 18 17 330 886
2374 1 0 27 15 1950 1066
2375 0 0 18 29 745 735
2376 0 0 9 26 343 287
2377 0 0 12 25 1170 1056
2378 0 0 6 14 286 928
2379 0 0 21 18 1943 115
2380 0 0 6 17 1780 782
2381 0 0 28 4 1164 393
2382 0 0 11 29 875 789
2383 0 0 4 14 1608 467
2384 0 0 3 12 1021 582
2385 0 0 17 11 1689 257
2386 0 0 20 4 1250 312
2387 0 0 13 11 1083 262
2388 0 0 23 21 339 913
2389 1 0 27 26 1278 1004
2390 0 0 18 4 1193 650
2391 0 0 15 16 848 665
2392 0 0 18 18 1766 214
2393 0 0 14 5 1597 128
2394 0 0 21 6 1551 412
2395 0 0 4 27 1044 619
2396 0 0 26 24 280 190
2397 0 0 5 3 1904 1006
2398 0 0 21 27 1740 964
2399 0 0 14 29 1447 1093
2400 0 0 24 21 1099 1015
2401 0 0 10 5 352 507
2402 0 0 26 24 605 958
2403 0 0 17 28 1316 872
2404 0 0 28 20 587 424
2405 0 0 9 6 1465 130
2406 0 0 4 10 693 248
2407 0 0 13 11 1732 363
2408 0 0 26 3 258 110
2409 0 0 3 17 682 178
2410 0 0 15 9 1406 456
2411 0 0 25 11 1924 469
2412 0 0 14 21 1800 978
2413 0 0 24 18 1322 620
2414 0 0 19 16 833 768
2415 0 0 26 9 1214 291
2416 0 0 24 14 1257 946
2417 0 0 19 18 1872 1085
2418 0 0 29 28 463 820
2419 0 0 24 13 986 625
2420 0 0 16 17 1505 467
2421 0 0 18 5 1984 799
2422 0 0 26 27 1162 315
2423 0 0 11 26 532 151
2424 0 0 20 5 286 461
2425 0 0 26 29 1220 946
2426 0 0 28 4 215 360
2427 0 0 21 3 1263 188
2428 0 0 9 14 1092 1093
2429 1 0 13 27 616 284
2430 0 0 13 14 730 663
2431 0 0 21 19 1017 804
2432 0 0 23 4 291 647
2433 1 0 6 20 1114 1040
2434 0 0 18 9 1519 138
2435 0 0 6 19 421 989
2436 0 0 19 29 503 483
2437 0 0 29 15 1806 644
2438 0 0 28 14 1058 1082
2439 0 0 17 3 1418 853
2440 0 0 21 10 1667 875
2441 0 0 15 26 1593 576
2442 0 0 10 10 795 221
2443 0 0 12 21 1118 1094
2444 0 0 6 8 234 391
2445 0 0 21 11 1030 865
2446 0 0 25 19 214 619
2447 0 0 16 27 1511 793
2448 0 0 25 12 756 371
2449 0 0 12 18 594 1047
2450 0 0 26 15 1354 662
2451 0 0 21 14 945 838
2452 0 0 21 3 1011 535
2453 0 0 8 20 289 229
2454 0 0 9 15 844 473
2455 0 0 9 19 541 825
2456 0 0 9 29 837 276
2457 0 0 10 23 915 160
2458 0 0 21 21 878 637
2459 0 0 18 5 431 543
2460 0 0 15 16 1590 358
2461 0 0 3 19 1341 751
2462 1 0 12 9 1432 208
2463 0 0 15 29 688 121
2464 0 0 11 24 562 565
2465 0 0 24 8 1029 139
2466 0 0 11 29 1296 1025
2467 0 0 3 14 540 1005
2468 0 0 9 3 1803 1055
2469 1 0 27 7 1446 531
2470 1 0 24 20 1476 999
2471 0 0 7 27 1835 981
2472 0 0 16 25 1571 554
2473 1 0 3 22 234 450
2474 0 0 14 21 484 406
2475 0 0 22 26 814 157
2476 0 0 7 11 998 1048
2477 0 0 4 11 881 584
2478 0 0 9 5 1988 488
2479 0 0 4 12 967 820
2480 0 0 3 7 522 1000
2481 1 0 20 5 1383 783
2482 0 0 13 20 1272 197
2483 0 0 17 23 1631 211
2484 1 0 6 10 968 1076
2485 0 0 5 26 569 1022
2486 0 0 18 14 229 772
2487 0 0 6 16 744 416
2488 0 0 3 23 931 784
2489 0 0 23 23 394 613
2490 0 0 7 19 686 327
2491 0 0 21 10 1236 305
2492 0 0 17 8 1763 222
2493 1 0 7 18 1169 599
2494 0 0 10 21 914 1075
2495 0 0 13 20 335 680
2496 1 0 22 11 1752 446
2497 0 0 17 7 889 1095
2498 0 0 29 17 539 350
2499 0 0 22 3 862 971
2500 0 0 10 4 746 685
2501 0 0 4 17 927 455
2502 1 0 4 27 1790 909
2503 0 0 8 10 1620 444
2504 0 0 15 26 1270 555
2505 0 0 24 11 1009 724
2506 0 0 5 6 1961 792
2507 0 0 27 20 1639 531
2508 0 0 19 14 1299 771
2509 0 0 22 9 1881 374
2510 0 0 3 19 1769 104
2511 0 0 23 26 1478 599
2512 0 0 17 5 285 279
2513 0 0 10 21 489 832
2514 0 0 3 22 232 952
2515 0 0 29 7 1555 434
2516 0 0 25 13 1257 642
2517 0 0 12 11 301 484
2518 0 0 22 5 681 489
2519 0 0 29 14 567 219
2520 0 0 9 5 759 473
2521 0 0 3 16 1750 434
2522 0 0 28 8 1455 142
2523 0 0 29 21 1467 894
2524 0 0 23 10 1610 239
2525 0 0 4 5 1652 1022
2526 0 0 25 27 1625 1071
2527 0 0 19 27 1341 210
2528 0 0 21 19 1169 268
2529 1 0 23 19 1519 959
2530 0 0 21 4 1285 741
2531 0 0 23 15 1467 866
2532 0 0 29 14 1398 732
2533 0 0 17 4 997 764
2534 0 0 26 26 1489 779
2535 0 0 28 5 1950 398
2536 0 0 16 22 618 270
2537 0 0 28 5 1160 947
2538 1 0 16 10 1249 985
2539 0 0 25 14 1255 622
2540 0 0 18 24 925 1093
2541 1 0 5 25 1053 689
2542 0 0 19 20 1444 523
2543 0 0 4 26 1196 706
2544 0 0 14 22 1435 978
2545 0 0 19 12 849 1004
2546 0 0 21 17 858 438
2547 0 0 10 3 812 441
2548 0 0 20 8 623 677
2549 0 0 13 14 1490 1022
2550 0 0 21 6 1142 780
2551 0 0 12 4 624 661
2552 0 0 10 29 957 917
2553 0 0 6 5 1753 628
2554 1 0 6 23 860 1052
2555 0 0 21 6 1982 313
2556 0 0 19 3 643 299
2557 0 0 27 25 1828 107
2558 0 0 13 20 339 416
2559 0 0 5 26 1627 398
2560 0 0 17 25 893 589
2561 0 0 14 11 454 762
2562 0 0 7 15 1964 432
2563 0 0 10 23 882 421
2564 0 0 26 4 849 351
2565 0 0 5 12 240 449
2566 0 0 12 7 527 673
2567 0 0 5 3 1838 601
2568 0 0 11 16 1671 603
2569 0 0 25 17 848 1054
2570 0 0 18 16 1786 517
2571 0 0 28 22 1565 109
2572 0 0 10 12 1223 195
2573 1 0 3 12 826 298
2574 0 0 12 3 319 931
2575 0 0 16 13 1306 274
2576 0 0 22 3 1216 352
2577 0 0 9 29 395 1012
2578 0 0 19 6 1123 318
2579 0 0 14 25 1325 246
2580 0 0 7 29 1586 397
2581 0 0 26 12 899 610
2582 0 0 29 28 1864 997
2583 0 0 11 14 1692 563
2584 0 0 12 26 866 281
2585 0 0 13 22 440 928
2586 0 0 7 20 1101 411
2587 0 0 21 12 1963 320
2588 0 0 15 20 1375 331
2589 0 0 3 29 1876 528
2590 0 0 17 3 851 1049
2591 0 0 7 18 1646 558
2592 0 0 20 27 309 1004
2593 0 0 16 4 1449 740
2594 0 0 28 6 406 744
2595 0 0 7 21 805 173
2596 0 0 22 25 1828 234
2597 0 0 9 19 485 504
2598 0 0 17 26 578 1029
2599 1 0 17 19 513 510
2600 0 0 24 26 521 239
2601 0 0 14 10 1650 977
2602 1 0 14 9 1694 729
2603 1 0 10 20 828 326
2604 0 0 10 22 1773 163
2605 0 0 7 12 966 198
2606 0 0 26 13 1401 864
2607 0 0 28 26 506 292
2608 1 0 6 6 267 767
2609 0 0 26 11 1733 995
2610 0 0 21 11 1250 516
2611 0 0 8 20 1097 1091
2612 0 0 18 13 304 379
2613 1 0 19 21 393 556
2614 0 0 12 25 950 605
2615 0 0 5 24 1042 809
2616 0 0 5 13 881 1027
2617 0 0 26 4 632 457
2618 0 0 18 16 1307 362
2619 0 0 21 11 1583 945
2620 0 0 6 28 581 339
2621 0 0 29 26 539 168
2622 0 0 22 25 1424 547
2623 0 0 18 16 1837 511
2624 0 0 15 19 1710 1087
2625 0 0 29 28 1594 489
2626 0 0 27 5 1575 330
2627 0 0 10 19 894 226
2628 0 0 26 16 730 326
2629 0 0 28 3 1869 750
2630 0 0 26 18 203 891
2631 1 0 29 9 1072 562
2632 0 0 12 5 1578 339
2633 0 0 7 5 662 582
2634 0 0 27 8 1814 965
2635 0 0 20 16 802 976
2636 0 0 11 9 1511 926
2637 0 0 14 13 933 887
2638 0 0 7 9 1238 372
2639 0 0 7 26 955 802
2640 1 0 17 14 724 576
2641 0 0 8 12 1274 563
2642 0 0 27 3 885 1022
2643 0 0 15 24 772 475
2644 0 0 7 23 836 534
2645 0 0 10 28 869 443
2646 0 0 18 13 726 161
2647 0 0 7 22 1975 547
2648 0 0 6 7 1414 530
2649 0 0 24 17 802 454
2650 0 0 14 13 1289 263
2651 1 0 8 13 305 380
2652 0 0 20 25 1750 893
2653 0 0 10 12 586 256
2654 0 0 4 9 761 1038
2655 0 0 28 5 1740 483
2656 0 0 12 11 1360 1097
2657 0 0 24 13 1849 556
2658 0 0 4 14 1275 314
2659 0 0 28 20 1121 541
2660 0 0 11 13 1937 1052
2661 0 0 21 10 634 878
2662 0 0 14 19 1927 748
2663 0 0 18 9 921 846
2664 0 0 9 22 375 652
2665 1 0 11 10 1692 810
2666 0 0 17 10 1686 1085
2667 0 0 22 27 950 201
2668 0 0 27 12 1580 790
2669 0 0 21 27 404 376
2670 0 0 8 24 1447 917
2671 0 0 7 21 1904 1088
2672 0 0 15 16 859 669
2673 0 0 6 11 980 653
2674 0 0 5 23 713 926
2675 0 0 26 12 364 1005
2676 0 0 18 24 589 1011
2677 0 0 21 3 1133 694
2678 0 0 12 13 1360 936
2679 0 0 28 8 781 364
2680 0 0 7 12 845 540
2681 0 0 3 29 599 248
2682 1 0 3 7 1685 1007
2683 0 0 11 25 911 793
2684 0 0 25 22 1824 723
2685 0 0 15 20 604 352
2686 0 0 28 14 633 1014
2687 0 0 9 12 970 125
2688 0 0 15 12 987 402
2689 0 0 3 5 442 207
2690 1 0 8 26 466 992
2691 0 0 20 12 1403 135
2692 0 0 29 23 290 906
2693 0 0 17 20 965 863
2694 0 0 9 13 874 695
2695 0 0 7 11 1757 337
2696 0 0 18 29 1285 815
2697 0 0 25 20 765 737
2698 0 0 15 7 798 319
2699 0 0 7 14 1474 1056
2700 0 0 11 9 1856 129
2701 0 0 14 23 783 350
2702 0 0 25 23 940 205
2703 0 0 10 10 1859 171
2704 0 0 17 13 1463 328
2705 0 0 24 8 384 200
2706 0 0 3 11 1656 1010
2707 0 0 23 11 1577 756
2708 0 0 11 9 1451 189
2709 0 0 27 4 1892 1064
2710 0 0 21 12 1183 305
2711 0 0 22 3 1145 347
2712 0 0 21 24 968 111
2713 0 0 28 19 1965 326
2714 0 0 23 12 1886 1071
2715 0 0 3 15 1577 759
2716 0 0 25 14 303 634
2717 0 0 26 18 1893 309
2718 0 0 20 14 440 898
2719 0 0 28 10 707 478
2720 0 0 5 15 1259 487
2721 0 0 20 14 1008 238
2722 0 0 14 19 1941 183
2723 0 0 17 18 598 950
2724 0 0 12 5 430 860
2725 0 0 18 8 492 622
2726 0 0 22 17 733 832
2727 0 0 9 19 1227 296
2728 0 0 18 13 808 694
2729 0 0 3 24 585 656
2730 0 0 9 28 613 619
2731 0 0 19 25 1587 542
2732 1 0 16 3 1218 505
2733 0 0 20 21 1615 122
2734 0 0 8 27 1341 423
2735 1 0 21 20 1771 919
2736 0 0 20 11 229 491
2737 0 0 29 9 1791 804
2738 0 0 17 9 751 659
2739 0 0 19 22 1318 892
2740 1 0 3 15 475 139
2741 0 0 27 23 849 714
2742 0 0 8 17 963 234
2743 0 0 13 29 1732 348
2744 0 0 16 27 1237 600
2745 0 0 27 9 1172 416
2746 0 0 11 14 1693 379
2747 0 0 17 12 841 573
2748 0 0 15 11 1009 848
2749 0 0 28 26 812 623
2750 0 0 21 25 568 820
2751 0 0 3 17 607 820
2752 0 0 6 17 466 913
2753 1 0 25 16 410 285
2754 0 0 19 20 1977 709
2755 0 0 4 10 1553 684
2756 0 0 28 28 1547 282
2757 0 0 24 12 777 585
2758 0 0 19 29 724 618
2759 0 0 10 11 714 879
2760 0 0 15 24 1051 644
2761 0 0 29 17 839 932
2762 0 0 22 7 1972 512
2763 1 0 8 9 719 609
2764 0 0 3 13 1619 182
2765 0 0 21 23 1013 810
2766 0 0 19 15 1391 412
2767 0 0 5 3 1527 170
2768 0 0 18 5 1844 1055
2769 0 0 6 13 1684 237
2770 0 0 23 26 1951 729
2771 0 0 15 9 1905 111
2772 0 0 22 20 642 552
2773 1 0 10 29 1523 555
2774 0 0 10 10 489 499
2775 0 0 26 14 1885 129
2776 1 0 17 24 366 465
2777 0 0 14 28 1081 378
2778 0 0 28 6 750 249
2779 0 0 10 10 1477 462
2780 0 0 18 24 1685 240
2781 0 0 19 25 558 159
2782 1 0 22 25 897 122
2783 0 0 15 14 1721 228
2784 0 0 27 10 218 1027
2785 0 0 15 23 1206 618
2786 0 0 25 7 1284 943
2787 0 0 14 8 648 612
2788 0 0 9 5 1336 1100
2789 0 0 11 20 1574 243
2790 0 0 12 22 1526 614
2791 0 0 3 24 1018 539
2792 0 0 3 5 668 608
2793 0 0 26 5 1660 109
2794 0 0 21 20 263 725
2795 0 0 9 11 423 548
2796 0 0 27 23 1545 456
2797 0 0 15 17 1060 161
2798 0 0 23 6 1427 964
2799 0 0 4 3 680 270
2800 0 0 11 4 992 1002
2801 0 0 6 25 1978 892
2802 0 0 17 18 986 506
2803 0 0 22 14 625 457
2804 0 0 4 20 536 274
2805 0 0 8 13 253 197
2806 0 0 19 4 1203 628
2807 0 0 22 18 1713 1044
2808 0 0 23 27 1405 570
2809 0 0 3 28 1094 469
2810 0 0 11 24 882 455
2811 0 0 16 4 806 179
2812 0 0 4 22 1835 679
2813 0 0 17 12 1294 109
2814 0 0 20 4 661 431
2815 0 0 27 27 1314 1068
2816 0 0 18 7 431 534
2817 0 0 17 16 1103 868
2818 0 0 27 18 1177 580
2819 0 0 27 22 696 503
2820 0 0 24 6 703 464
2821 0 0 16 10 1195 975
2822 0 0 19 19 1399 149
2823 0 0 15 25 630 724
2824 1 0 5 6 1711 607
2825 0 0 27 22 878 377
2826 0 0 9 25 1519 1089
2827 0 0 16 24 669 572
2828 0 0 19 20 574 141
2829 0 0 4 29 1016 615
2830 0 0 11 28 1231 589
2831 0 0 10 3 1005 635
2832 0 0 13 11 590 717
2833 0 0 7 11 1024 582
2834 0 0 15 29 1233 399
2835 1 0 12 8 1032 351
2836 1 0 4 10 710 350
2837 1 0 14 10 1936 101
2838 0 0 6 5 836 695
2839 0 0 10 20 1679 516
2840 0 0 25 19 720 1035
2841 0 0 8 20 1155 252
2842 0 0 13 8 1210 920
2843 0 0 27 17 285 319
2844 1 0 19 9 1395 1088
2845 0 0 18 13 1234 707
2846 0 0 8 23 1089 766
2847 0 0 11 22 1652 745
2848 0 0 21 6 252 581
2849 0 0 23 19 494 193
2850 0 0 6 26 1167 1020
2851 0 0 27 6 617 335
2852 0 0 13 13 1324 222
2853 0 0 21 17 905 303
2854 0 0 13 11 276 105
2855 0 0 28 26 1478 614
2856 0 0 25 9 1331 907
2857 1 0 7 12 787 287
2858 0 0 6 27 1479 557
2859 0 0 13 13 345 752
2860 0 0 19 15 1110 1007
2861 0 0 27 10 490 604
2862 0 0 15 11 1156 185
2863 0 0 9 12 1463 396
2864 0 0 23 25 721 360
2865 0 0 18 22 1619 777
2866 0 0 19 7 800 667
2867 0 0 25 12 568 989
2868 0 0 8 27 772 499
2869 0 0 29 12 653 733
2870 1 0 21 16 1897 491
2871 0 0 9 17 246 1080
2872 0 0 28 11 1473 838
2873 0 0 4 29 1047 816
2874 0 0 7 5 299 333
2875 0 0 23 23 1191 585
2876 1 0 14 17 914 747
2877 0 0 22 15 1814 666
2878 0 0 27 7 977 606
2879 0 0 16 6 1293 293
2880 0 0 19 11 1070 668
2881 0 0 19 10 1933 442
2882 0 0 10 18 386 465
2883 0 0 3 7 1892 1050
2884 0 0 8 11 960 916
2885 0 0 10 14 1253 853
2886 1 0 20 29 539 973
2887 0 0 28 29 558 437
2888 0 0 22 27 1631 153
2889 0 0 22 15 1555 1017
2890 0 0 24 5 559 232
2891 0 0 25 18 1043 189
2892 0 0 8 18 1018 568
2893 0 0 25 25 1989 102
2894 0 0 21 21 1376 661
2895 0 0 4 29 1229 1044
2896 0 0 14 28 964 454
2897 0 0 4 13 1459 715
2898 0 0 22 28 1301 1060
2899 0 0 11 14 907 184
2900 0 0 25 5 1826 491
2901 0 0 15 3 641 250
2902 1 0 9 19 635 635
2903 0 0 10 8 668 219
2904 0 0 26 8 281 764
2905 0 0 8 17 1475 891
2906 0 0 8 28 458 1065
2907 0 0 10 26 587 386
2908 0 0 25 21 1729 311
2909 0 0 24 5 1653 1099
2910 0 0 27 15 1695 893
2911 0 0 6 7 761 279
2912 0 0 29 20 1740 473
2913 0 0 25 6 1394 228
2914 0 0 15 24 355 262
2915 0 0 9 25 1648 561
2916 1 0 23 18 375 891
2917 0 0 24 15 1200 260
2918 0 0 19 25 1490 1085
2919 0 0 12 13 212 232
2920 0 0 11 8 1394 241
2921 0 0 8 18 1375 692
2922 0 0 27 13 309 113
2923 0 0 17 9 1200 409
2924 0 0 11 7 1917 969
2925 0 0 21 21 416 261
2926 0 0 26 14 1264 922
2927 0 0 14 10 953 146
2928 0 0 29 11 1780 758
2929 0 0 18 15 1276 336
2930 0 0 28 19 610 909
2931 0 0 25 26 1688 797
2932 0 0 21 6 1032 884
2933 0 0 28 7 1511 479
2934 0 0 4 27 907 408
2935 0 0 18 6 998 491
2936 1 0 14 13 1056 208
2937 0 0 9 14 1978 545
2938 0 0 23 3 509 210
2939 0 0 27 6 709 728
2940 0 0 7 14 779 492
2941 0 0 20 15 791 775
2942 0 0 22 25 407 308
2943 0 0 18 16 1528 235
2944 0 0 19 23 935 798
2945 0 0 17 11 1265 284
2946 0 0 14 18 804 712
2947 0 0 27 13 1953 800
2948 0 0 26 4 1589 1035
2949 0 0 9 8 657 463
2950 0 0 16 11 724 1095
2951 0 0 27 19 1765 107
2952 0 0 24 23 1006 611
2953 0 0 29 18 1354 636
2954 0 0 21 28 889 710
2955 0 0 20 11 1019 471
2956 0 0 28 27 918 717
2957 0 0 3 22 710 692
2958 1 0 21 10 860 593
2959 0 0 23 29 664 939
2960 0 0 13 22 471 130
2961 0 0 9 25 1313 1011
2962 0 0 4 26 1667 739
2963 0 0 5 26 252 496
2964 0 0 22 26 208 586
2965 0 0 19 22 799 270
2966 0 0 28 24 1979 849
2967 0 0 3 11 343 601
2968 0 0 15 23 1244 272
2969 0 0 9 3 356 116
2970 1 0 24 18 1500 864
2971 1 0 22 14 521 484
2972 0 0 19 22 1815 368
2973 1 0 29 9 1644 670
2974 0 0 20 6 1967 930
2975 0 0 3 19 1336 561
2976 0 0 28 7 623 182
2977 0 0 6 13 1091 599
2978 0 0 19 27 1980 772
2979 0 0 23 11 309 547
2980 0 0 18 21 1116 1076
2981 1 0 26 18 1036 276
2982 0 0 21 23 259 564
2983 1 0 10 5 1424 572
2984 0 0 15 7 348 517
2985 0 0 6 8 1611 631
2986 1 0 17 11 287 207
2987 1 0 8 29 1025 577
2988 0 0 12 19 1196 975
2989 0 0 7 6 802 202
2990 0 0 28 28 972 204
2991 0 0 6 10 1952 366
2992 0 0 17 6 1140 226
2993 0 0 9 18 1326 1013
2994 0 0 15 11 1575 177
2995 0 0 27 27 625 808
2996 0 0 22 7 1252 144
2997 0 0 26 18 525 156
2998 0 0 19 18 969 831
2999 0 0 11 27 1481 691