Information: 
	Truck: licencePlate volMax weightMax cost
	Package: id priority volume weight reward duration

Thu Apr 21 22:34:18 2022

	Truck: IK-37-DL 398 378 15048
		Package 1: 155 0 3 3 1728 135
		Package 2: 757 0 3 3 1856 495
		Package 3: 1304 0 3 3 245 274
		Package 4: 1758 0 3 3 1496 822
		Package 5: 4604 0 3 3 998 620
		Package 6: 4811 0 3 3 1141 292
		Package 7: 5125 0 3 3 1017 574
		Package 8: 7730 0 3 3 708 291
		Package 9: 7866 0 3 3 502 909
		Package 10: 8391 0 3 3 873 444
		Package 11: 8525 0 3 3 554 229
		Package 12: 9328 0 3 3 1809 667
		Package 13: 9608 0 3 3 1087 190
		Package 14: 9625 0 3 3 519 368
		Package 15: 10408 0 3 3 528 421
		Package 16: 11470 0 3 3 1499 386
		Package 17: 11575 0 3 3 1847 493
		Package 18: 11962 0 3 3 1727 680
		Package 19: 11974 0 3 3 1774 239
		Package 20: 13485 0 3 3 900 443
		Package 21: 15888 0 3 3 1715 696
		Package 22: 16315 0 3 3 802 325
		Package 23: 17161 0 3 3 1568 605
		Package 24: 17190 0 3 3 1576 939
		Package 25: 17237 0 3 3 1498 926
		Package 26: 19400 0 3 3 1870 972
		Package 27: 20279 0 3 3 1983 328
		Package 28: 20494 0 3 3 1681 740
		Package 29: 21837 0 3 3 272 393
		Package 30: 21964 0 3 3 335 1055
		Package 31: 22535 0 3 3 1598 1057
		Package 32: 22776 0 3 3 875 575
		Package 33: 23240 0 3 3 1818 122
		Package 34: 23296 0 3 3 1350 809
		Package 35: 24526 0 3 3 822 780
		Package 36: 26563 0 3 3 643 1007
		Package 37: 28160 0 3 3 1362 415
		Package 38: 28274 0 3 3 1103 558
		Package 39: 28318 0 3 3 1575 595
		Package 40: 28640 0 3 3 1431 520
		Package 41: 28772 0 3 3 1741 914
		Package 42: 29566 0 3 3 406 166
		Package 43: 31258 0 3 3 325 307
		Package 44: 32431 0 3 3 1160 1021
		Package 45: 32474 0 3 3 1004 548
		Package 46: 33052 0 3 3 742 640
		Package 47: 35348 0 3 3 767 519
		Package 48: 35528 0 3 3 1457 1061
		Package 49: 35540 0 3 3 1420 341
		Package 50: 36146 0 3 3 1309 686
		Package 51: 36597 0 3 3 1188 993
		Package 52: 37155 0 3 3 1300 142
		Package 53: 37337 0 3 3 1048 404
		Package 54: 37355 0 3 3 1029 509
		Package 55: 37569 0 3 3 1541 636
		Package 56: 38491 0 3 3 847 458
		Package 57: 38774 0 3 3 847 1079
		Package 58: 39156 0 3 3 1497 703
		Package 59: 39292 0 3 3 965 319
		Package 60: 39447 0 3 3 1063 151
		Package 61: 39505 0 3 3 1536 335
		Package 62: 1174 0 3 4 1921 1066
		Package 63: 2001 0 3 4 1073 687
		Package 64: 2162 0 3 4 1439 1013
		Package 65: 2396 0 3 4 1222 828
		Package 66: 3204 0 3 4 290 508
		Package 67: 3666 0 3 4 961 343
		Package 68: 3686 0 3 4 497 214
		Package 69: 4134 0 3 4 601 985
		Package 70: 5459 0 3 4 516 926
		Package 71: 5749 0 3 4 709 836
		Package 72: 6558 0 3 4 505 170
		Package 73: 8955 0 3 4 860 572
		Package 74: 12131 0 3 4 1703 993
		Package 75: 12785 0 3 4 1570 478
		Package 76: 12849 0 3 4 1841 385
		Package 77: 12988 0 3 4 954 395
		Package 78: 13263 0 3 4 1248 662
		Package 79: 13266 0 3 4 1843 405
		Package 80: 14988 0 3 4 741 562
		Package 81: 15203 0 3 4 1345 721
		Package 82: 15696 0 3 4 1429 684
		Package 83: 17058 0 3 4 1285 704
		Package 84: 17166 0 3 4 1070 494
		Package 85: 17537 0 3 4 1053 1099
		Package 86: 19469 0 3 4 1933 370
		Package 87: 20376 0 3 4 1666 147
		Package 88: 21187 0 3 4 717 557
		Package 89: 23173 0 3 4 340 474
		Package 90: 24310 0 3 4 548 267
		Package 91: 24457 0 3 4 779 676
		Package 92: 25253 0 3 4 208 622
		Package 93: 25957 0 3 4 1759 550
		Package 94: 27866 0 3 4 310 143
		Package 95: 28321 0 3 4 480 610
		Package 96: 29236 0 3 4 1078 126
		Package 97: 29340 0 3 4 333 1003
		Package 98: 30312 0 3 4 720 678
		Package 99: 30822 0 3 4 1635 164
		Package 100: 31684 0 3 4 1648 803
		Package 101: 32243 0 3 4 327 812
		Package 102: 37344 0 3 4 1165 937
		Package 103: 39395 0 3 4 364 661
		Package 104: 39576 0 3 4 1733 532
		Package 105: 598 0 3 5 1826 629
		Package 106: 690 0 3 5 680 517
		Package 107: 1677 0 3 5 774 680
		Package 108: 2689 0 3 5 1296 409
	Number of Packages: 108

	Truck: OM-91-SI 397 321 13931
		Package 1: 4239 0 3 5 1785 703
		Package 2: 4465 0 3 5 291 164
		Package 3: 6644 0 3 5 1016 152
		Package 4: 8188 0 3 5 1543 907
		Package 5: 12111 0 3 5 655 933
		Package 6: 12354 0 3 5 303 550
		Package 7: 13362 0 3 5 1820 773
		Package 8: 13920 0 3 5 245 294
		Package 9: 14228 0 3 5 729 1075
		Package 10: 15264 0 3 5 350 834
		Package 11: 15812 0 3 5 473 957
		Package 12: 16105 0 3 5 1152 450
		Package 13: 17429 0 3 5 1878 198
		Package 14: 20958 0 3 5 1281 865
		Package 15: 21641 0 3 5 1729 580
		Package 16: 21919 0 3 5 1624 1035
		Package 17: 21950 0 3 5 416 109
		Package 18: 22141 0 3 5 1064 420
		Package 19: 22738 0 3 5 1500 939
		Package 20: 22996 0 3 5 1373 899
		Package 21: 23152 0 3 5 289 779
		Package 22: 25402 0 3 5 1270 1047
		Package 23: 26887 0 3 5 852 739
		Package 24: 27616 0 3 5 944 604
		Package 25: 29528 0 3 5 460 984
		Package 26: 30171 0 3 5 468 156
		Package 27: 30512 0 3 5 1459 772
		Package 28: 30794 0 3 5 1359 105
		Package 29: 31490 0 3 5 1673 879
		Package 30: 31767 0 3 5 683 324
		Package 31: 32050 0 3 5 702 761
		Package 32: 34133 0 3 5 229 300
		Package 33: 37692 0 3 5 810 262
		Package 34: 37971 0 3 5 1625 543
		Package 35: 38034 0 3 5 998 202
		Package 36: 38146 0 3 5 1002 520
		Package 37: 38936 0 3 5 334 700
		Package 38: 39144 0 3 5 726 684
		Package 39: 39694 0 3 5 1709 861
		Package 40: 356 0 3 6 648 526
		Package 41: 379 0 3 6 1082 581
		Package 42: 842 0 3 6 932 1025
		Package 43: 880 0 3 6 846 378
		Package 44: 1159 0 3 6 1564 912
		Package 45: 2932 0 3 6 1339 125
		Package 46: 3028 0 3 6 1397 996
		Package 47: 3497 0 3 6 1801 659
		Package 48: 5200 0 3 6 597 1009
		Package 49: 5244 0 3 6 1519 862
		Package 50: 7667 0 3 6 1383 554
		Package 51: 8217 0 3 6 472 1037
		Package 52: 9868 0 3 6 724 235
		Package 53: 9890 0 3 6 799 781
		Package 54: 10130 0 3 6 553 337
		Package 55: 11453 0 3 6 1156 709
		Package 56: 12102 0 3 6 1376 169
		Package 57: 13694 0 3 6 954 341
		Package 58: 14766 0 3 6 890 143
		Package 59: 17238 0 3 6 1952 1030
		Package 60: 17607 0 3 6 280 598
	Number of Packages: 60

	Truck: BT-24-SF 395 315 16790
		Package 1: 17724 0 3 6 876 132
		Package 2: 19118 0 3 6 606 474
		Package 3: 19367 0 3 6 1572 561
		Package 4: 19692 0 3 6 1394 939
		Package 5: 20822 0 3 6 529 553
		Package 6: 21727 0 3 6 980 1061
		Package 7: 22063 0 3 6 1408 591
		Package 8: 22579 0 3 6 1633 606
		Package 9: 23352 0 3 6 1286 373
		Package 10: 23824 0 3 6 907 650
		Package 11: 25241 0 3 6 1582 697
		Package 12: 25606 0 3 6 456 758
		Package 13: 26113 0 3 6 1660 677
		Package 14: 26527 0 3 6 1038 302
		Package 15: 27760 0 3 6 1674 786
		Package 16: 28593 0 3 6 1015 858
		Package 17: 28937 0 3 6 721 862
		Package 18: 29118 0 3 6 293 170
		Package 19: 30240 0 3 6 318 811
		Package 20: 30536 0 3 6 1939 150
		Package 21: 31798 0 3 6 1790 911
		Package 22: 31928 0 3 6 629 691
		Package 23: 32197 0 3 6 221 359
		Package 24: 33377 0 3 6 593 585
		Package 25: 33798 0 3 6 1224 752
		Package 26: 33820 0 3 6 473 667
		Package 27: 33958 0 3 6 1954 748
		Package 28: 34408 0 3 6 1665 1036
		Package 29: 34875 0 3 6 878 949
		Package 30: 34993 0 3 6 1260 338
		Package 31: 35767 0 3 6 1792 180
		Package 32: 36484 0 3 6 862 585
		Package 33: 37225 0 3 6 713 672
		Package 34: 37362 0 3 6 1942 414
		Package 35: 38182 0 3 6 574 639
		Package 36: 39319 0 3 6 1789 916
		Package 37: 142 0 3 7 1184 945
		Package 38: 557 0 3 7 971 639
		Package 39: 720 0 3 7 1437 871
		Package 40: 2439 0 3 7 884 577
		Package 41: 2600 0 3 7 624 597
		Package 42: 2992 0 3 7 1224 821
		Package 43: 3514 0 3 7 208 386
		Package 44: 5874 0 3 7 928 208
		Package 45: 6639 0 3 7 673 1010
		Package 46: 6862 0 3 7 594 598
		Package 47: 10586 0 3 7 522 442
		Package 48: 10920 0 3 7 854 997
		Package 49: 11228 0 3 7 1076 883
		Package 50: 12067 0 3 7 1104 544
	Number of Packages: 50

	Truck: LX-78-FE 394 379 13241
		Package 1: 14239 0 3 7 1716 194
		Package 2: 14595 0 3 7 1658 454
		Package 3: 16463 0 3 7 1199 857
		Package 4: 16504 0 3 7 499 741
		Package 5: 17066 0 3 7 853 803
		Package 6: 17258 0 3 7 1408 643
		Package 7: 18632 0 3 7 1246 926
		Package 8: 20994 0 3 7 1071 921
		Package 9: 21296 0 3 7 1860 549
		Package 10: 21971 0 3 7 1226 900
		Package 11: 22390 0 3 7 1957 508
		Package 12: 22400 0 3 7 299 329
		Package 13: 24345 0 3 7 775 1046
		Package 14: 24639 0 3 7 575 659
		Package 15: 25625 0 3 7 1891 464
		Package 16: 25805 0 3 7 1196 102
		Package 17: 26293 0 3 7 1793 370
		Package 18: 26377 0 3 7 1176 706
		Package 19: 29376 0 3 7 1737 1091
		Package 20: 29961 0 3 7 818 566
		Package 21: 32963 0 3 7 1416 303
		Package 22: 35723 0 3 7 342 607
		Package 23: 35739 0 3 7 1035 641
		Package 24: 36582 0 3 7 204 424
		Package 25: 36820 0 3 7 430 778
		Package 26: 36833 0 3 7 1889 396
		Package 27: 37604 0 3 7 1162 856
		Package 28: 37846 0 3 7 450 729
		Package 29: 38074 0 3 7 420 1086
		Package 30: 38736 0 3 7 300 289
		Package 31: 38943 0 3 7 1503 375
		Package 32: 39939 0 3 7 1654 202
		Package 33: 202 0 3 8 1306 697
		Package 34: 482 0 3 8 647 221
		Package 35: 562 0 3 8 1184 373
		Package 36: 1778 0 3 8 848 144
		Package 37: 1906 0 3 8 1799 653
		Package 38: 3892 0 3 8 707 1097
		Package 39: 4182 0 3 8 1437 123
		Package 40: 4424 0 3 8 765 378
		Package 41: 4646 0 3 8 1292 177
		Package 42: 5232 0 3 8 476 151
		Package 43: 5885 0 3 8 455 764
		Package 44: 5887 0 3 8 1787 292
		Package 45: 6001 0 3 8 1413 370
		Package 46: 6694 0 3 8 1198 364
		Package 47: 7057 0 3 8 1445 610
		Package 48: 7759 0 3 8 1727 743
		Package 49: 9412 0 3 8 690 626
		Package 50: 9852 0 3 8 1289 718
		Package 51: 14579 0 3 8 1285 408
	Number of Packages: 51

	Truck: WU-47-GV 394 351 15473
		Package 1: 15242 0 3 8 1438 246
		Package 2: 15582 0 3 8 266 590
		Package 3: 16011 0 3 8 1636 819
		Package 4: 16130 0 3 8 1164 423
		Package 5: 18262 0 3 8 1189 479
		Package 6: 18797 0 3 8 312 468
		Package 7: 18906 0 3 8 842 882
		Package 8: 19312 0 3 8 1500 1093
		Package 9: 22299 0 3 8 1729 695
		Package 10: 22818 0 3 8 535 778
		Package 11: 23691 0 3 8 457 523
		Package 12: 23829 0 3 8 807 881
		Package 13: 23966 0 3 8 1536 655
		Package 14: 24651 0 3 8 1906 989
		Package 15: 24939 0 3 8 1492 658
		Package 16: 25571 0 3 8 582 939
		Package 17: 25679 0 3 8 1744 352
		Package 18: 30444 0 3 8 1356 341
		Package 19: 31914 0 3 8 861 803
		Package 20: 32435 0 3 8 977 329
		Package 21: 33288 0 3 8 1196 287
		Package 22: 33747 0 3 8 1015 247
		Package 23: 34523 0 3 8 1945 1084
		Package 24: 35233 0 3 8 773 155
		Package 25: 38145 0 3 8 1553 377
		Package 26: 39168 0 3 8 1229 303
		Package 27: 39641 0 3 8 730 1090
		Package 28: 1495 0 3 9 1113 846
		Package 29: 2046 0 3 9 1364 712
		Package 30: 2482 0 3 9 1801 225
		Package 31: 2922 0 3 9 1880 911
		Package 32: 3122 0 3 9 506 796
		Package 33: 4123 0 3 9 1463 957
		Package 34: 4538 0 3 9 1553 721
		Package 35: 5290 0 3 9 436 1091
		Package 36: 5309 0 3 9 1116 844
		Package 37: 5339 0 3 9 531 492
		Package 38: 5883 0 3 9 1056 853
		Package 39: 6224 0 3 9 1434 139
		Package 40: 6426 0 3 9 1183 615
		Package 41: 6591 0 3 9 1436 442
		Package 42: 7316 0 3 9 1381 1028
	Number of Packages: 42

	Truck: GY-50-KY 393 377 16543
		Package 1: 7419 0 3 9 913 1029
		Package 2: 7738 0 3 9 1571 1073
		Package 3: 7869 0 3 9 522 774
		Package 4: 8527 0 3 9 1204 903
		Package 5: 10203 0 3 9 1054 1020
		Package 6: 11321 0 3 9 798 962
		Package 7: 12862 0 3 9 511 414
		Package 8: 13740 0 3 9 1565 610
		Package 9: 14418 0 3 9 709 877
		Package 10: 14621 0 3 9 1183 223
		Package 11: 14643 0 3 9 277 830
		Package 12: 15464 0 3 9 518 1021
		Package 13: 16840 0 3 9 1693 824
		Package 14: 16946 0 3 9 1642 477
		Package 15: 17194 0 3 9 1928 217
		Package 16: 17713 0 3 9 812 108
		Package 17: 18762 0 3 9 1155 236
		Package 18: 19666 0 3 9 1387 316
		Package 19: 20191 0 3 9 1370 763
		Package 20: 20370 0 3 9 511 114
		Package 21: 20776 0 3 9 987 105
		Package 22: 21396 0 3 9 543 647
		Package 23: 21895 0 3 9 1372 108
		Package 24: 23647 0 3 9 1178 1090
		Package 25: 24214 0 3 9 486 535
		Package 26: 25071 0 3 9 823 311
		Package 27: 25770 0 3 9 983 602
		Package 28: 26154 0 3 9 1625 480
		Package 29: 26808 0 3 9 532 924
		Package 30: 27058 0 3 9 509 445
		Package 31: 28572 0 3 9 1106 948
		Package 32: 29305 0 3 9 1174 928
		Package 33: 30889 0 3 9 1816 266
		Package 34: 31428 0 3 9 530 405
		Package 35: 32249 0 3 9 1687 557
		Package 36: 32990 0 3 9 389 184
		Package 37: 33783 0 3 9 1436 780
		Package 38: 33999 0 3 9 439 255
		Package 39: 34409 0 3 9 412 498
		Package 40: 35016 0 3 9 592 460
		Package 41: 35855 0 3 9 492 892
	Number of Packages: 41

	Truck: AK-43-SE 391 395 13796
		Package 1: 36866 0 3 9 1344 253
		Package 2: 37758 0 3 9 1132 223
		Package 3: 38126 0 3 9 1870 221
		Package 4: 39595 0 3 9 1625 426
		Package 5: 39915 0 3 9 1499 485
		Package 6: 192 0 3 10 270 101
		Package 7: 1093 0 3 10 620 260
		Package 8: 1499 0 3 10 1612 749
		Package 9: 3090 0 3 10 672 545
		Package 10: 3518 0 3 10 1843 381
		Package 11: 4400 0 3 10 919 937
		Package 12: 4510 0 3 10 230 165
		Package 13: 6093 0 3 10 1575 1040
		Package 14: 7949 0 3 10 963 655
		Package 15: 7991 0 3 10 1950 1036
		Package 16: 8375 0 3 10 1233 385
		Package 17: 9937 0 3 10 1126 242
		Package 18: 10471 0 3 10 627 292
		Package 19: 10557 0 3 10 698 135
		Package 20: 10933 0 3 10 1903 1090
		Package 21: 11814 0 3 10 466 1068
		Package 22: 12784 0 3 10 426 351
		Package 23: 12986 0 3 10 874 832
		Package 24: 13188 0 3 10 956 887
		Package 25: 16392 0 3 10 626 834
		Package 26: 17874 0 3 10 761 988
		Package 27: 18341 0 3 10 1764 618
		Package 28: 18395 0 3 10 1896 565
		Package 29: 19563 0 3 10 420 285
		Package 30: 19787 0 3 10 793 773
		Package 31: 20365 0 3 10 1201 795
		Package 32: 20707 0 3 10 1979 111
		Package 33: 20968 0 3 10 473 396
		Package 34: 23328 0 3 10 1366 298
		Package 35: 24226 0 3 10 1555 628
		Package 36: 24327 0 3 10 976 1015
		Package 37: 25320 0 3 10 1932 991
		Package 38: 27158 0 3 10 1323 546
		Package 39: 27222 0 3 10 1433 863
		Package 40: 27780 0 3 10 1156 950
	Number of Packages: 40

	Truck: NO-53-SB 388 268 14521
		Package 1: 29006 0 3 10 1278 690
		Package 2: 29026 0 3 10 1041 719
		Package 3: 29418 0 3 10 1391 404
		Package 4: 31893 0 3 10 1859 430
		Package 5: 31960 0 3 10 1712 1020
		Package 6: 32904 0 3 10 1029 307
		Package 7: 33066 0 3 10 1205 132
		Package 8: 33137 0 3 10 1300 885
		Package 9: 33631 0 3 10 1100 680
		Package 10: 33805 0 3 10 450 862
		Package 11: 37256 0 3 10 1002 805
		Package 12: 37850 0 3 10 1167 677
		Package 13: 41 0 3 11 224 1019
		Package 14: 676 0 3 11 1694 804
		Package 15: 1225 0 3 11 1856 1096
		Package 16: 2087 0 3 11 385 1053
		Package 17: 2252 0 3 11 1049 762
		Package 18: 2310 0 3 11 293 807
		Package 19: 3607 0 3 11 1705 888
		Package 20: 4516 0 3 11 1224 338
		Package 21: 4833 0 3 11 459 1040
		Package 22: 5524 0 3 11 1739 517
		Package 23: 7342 0 3 11 926 468
		Package 24: 7496 0 3 11 1060 353
		Package 25: 8458 0 3 11 1194 576
	Number of Packages: 25

	Truck: UW-05-RK 385 254 14819
		Package 1: 8944 0 3 11 309 266
		Package 2: 8957 0 3 11 1987 727
		Package 3: 10622 0 3 11 1959 561
		Package 4: 12195 0 3 11 1825 396
		Package 5: 12216 0 3 11 893 418
		Package 6: 13932 0 3 11 725 559
		Package 7: 16079 0 3 11 1749 825
		Package 8: 16620 0 3 11 1966 528
		Package 9: 18599 0 3 11 1200 343
		Package 10: 19365 0 3 11 849 888
		Package 11: 19393 0 3 11 600 846
		Package 12: 19768 0 3 11 911 315
		Package 13: 20491 0 3 11 1017 570
		Package 14: 21080 0 3 11 1576 1018
		Package 15: 21576 0 3 11 1334 399
		Package 16: 23696 0 3 11 937 683
		Package 17: 23843 0 3 11 1887 473
		Package 18: 24225 0 3 11 1859 456
		Package 19: 24480 0 3 11 1656 1019
		Package 20: 25378 0 3 11 424 565
		Package 21: 25423 0 3 11 1534 969
		Package 22: 25914 0 3 11 879 1075
		Package 23: 26029 0 3 11 943 100
	Number of Packages: 23

	Truck: SR-70-GX 382 304 14967
		Package 1: 26344 0 3 11 255 825
		Package 2: 26780 0 3 11 1748 176
		Package 3: 27038 0 3 11 364 310
		Package 4: 27360 0 3 11 1660 1037
		Package 5: 27831 0 3 11 1962 299
		Package 6: 28119 0 3 11 1530 333
		Package 7: 28457 0 3 11 570 129
		Package 8: 28964 0 3 11 1691 189
		Package 9: 31078 0 3 11 668 1025
		Package 10: 31795 0 3 11 1983 178
		Package 11: 32214 0 3 11 1920 566
		Package 12: 33380 0 3 11 1388 699
		Package 13: 34159 0 3 11 1115 333
		Package 14: 34479 0 3 11 497 1035
		Package 15: 34811 0 3 11 695 353
		Package 16: 35938 0 3 11 1270 643
		Package 17: 36741 0 3 11 1152 346
		Package 18: 37519 0 3 11 1058 408
		Package 19: 39914 0 3 11 1052 354
		Package 20: 39983 0 3 11 1400 649
		Package 21: 648 0 3 12 608 700
		Package 22: 855 0 3 12 932 563
		Package 23: 1360 0 3 12 622 680
		Package 24: 1830 0 3 12 1069 932
		Package 25: 2938 0 3 12 311 179
		Package 26: 3642 0 3 12 452 271
		Package 27: 4639 0 3 12 1472 335
	Number of Packages: 27

	Truck: HJ-38-UB 378 272 15057
		Package 1: 5254 0 3 12 424 990
		Package 2: 5307 0 3 12 356 429
		Package 3: 5639 0 3 12 1524 145
		Package 4: 5760 0 3 12 358 663
		Package 5: 5849 0 3 12 638 398
		Package 6: 7463 0 3 12 324 1018
		Package 7: 7474 0 3 12 434 812
		Package 8: 7650 0 3 12 1648 959
		Package 9: 8733 0 3 12 1680 972
		Package 10: 8993 0 3 12 1194 646
		Package 11: 9138 0 3 12 858 719
		Package 12: 10333 0 3 12 1071 719
		Package 13: 10863 0 3 12 843 758
		Package 14: 13476 0 3 12 919 423
		Package 15: 17211 0 3 12 616 1083
		Package 16: 17488 0 3 12 1912 515
		Package 17: 18224 0 3 12 1467 494
		Package 18: 18690 0 3 12 1730 603
		Package 19: 18969 0 3 12 1509 117
		Package 20: 19294 0 3 12 1171 893
		Package 21: 20364 0 3 12 1825 882
		Package 22: 20949 0 3 12 1076 831
	Number of Packages: 22

	Truck: MF-13-CA 376 262 16090
		Package 1: 21216 0 3 12 1088 894
		Package 2: 23461 0 3 12 1612 817
		Package 3: 23910 0 3 12 1267 780
		Package 4: 24025 0 3 12 400 640
		Package 5: 24201 0 3 12 985 779
		Package 6: 25282 0 3 12 830 794
		Package 7: 27649 0 3 12 881 1042
		Package 8: 27971 0 3 12 1119 411
		Package 9: 28083 0 3 12 732 391
		Package 10: 28634 0 3 12 1437 350
		Package 11: 29251 0 3 12 768 324
		Package 12: 29439 0 3 12 1238 218
		Package 13: 29735 0 3 12 1395 719
		Package 14: 29938 0 3 12 1604 515
		Package 15: 30537 0 3 12 1330 613
		Package 16: 32720 0 3 12 1857 848
		Package 17: 33088 0 3 12 1525 846
		Package 18: 33834 0 3 12 1852 264
		Package 19: 34037 0 3 12 1329 1070
		Package 20: 34197 0 3 12 1635 1037
		Package 21: 35327 0 3 12 779 278
	Number of Packages: 21

	Truck: LR-49-BH 370 366 13618
		Package 1: 35684 0 3 12 611 689
		Package 2: 36181 0 3 12 1213 287
		Package 3: 37739 0 3 12 953 145
		Package 4: 39652 0 3 12 1004 420
		Package 5: 39826 0 3 12 1240 749
		Package 6: 31 0 3 13 454 365
		Package 7: 416 0 3 13 734 211
		Package 8: 1143 0 3 13 940 425
		Package 9: 2201 0 3 13 1006 542
		Package 10: 3073 0 3 13 1081 470
		Package 11: 4179 0 3 13 1038 781
		Package 12: 5153 0 3 13 728 168
		Package 13: 5448 0 3 13 1243 800
		Package 14: 5481 0 3 13 508 723
		Package 15: 5570 0 3 13 1243 309
		Package 16: 5830 0 3 13 635 249
		Package 17: 6163 0 3 13 701 305
		Package 18: 6552 0 3 13 396 1031
		Package 19: 7155 0 3 13 1005 396
		Package 20: 7690 0 3 13 1279 446
		Package 21: 7874 0 3 13 1797 705
		Package 22: 8271 0 3 13 1228 601
		Package 23: 9120 0 3 13 1179 987
		Package 24: 11162 0 3 13 959 826
		Package 25: 11199 0 3 13 676 801
		Package 26: 11239 0 3 13 781 151
		Package 27: 11688 0 3 13 375 711
		Package 28: 11841 0 3 13 1049 139
	Number of Packages: 28

	Truck: PS-75-SK 368 308 16575
		Package 1: 12077 0 3 13 1340 107
		Package 2: 14112 0 3 13 1681 830
		Package 3: 14747 0 3 13 1921 378
		Package 4: 14779 0 3 13 706 837
		Package 5: 16789 0 3 13 1491 375
		Package 6: 16921 0 3 13 1899 939
		Package 7: 17052 0 3 13 1258 364
		Package 8: 18460 0 3 13 1847 227
		Package 9: 20818 0 3 13 1871 605
		Package 10: 21664 0 3 13 336 559
		Package 11: 23349 0 3 13 561 395
		Package 12: 24240 0 3 13 1181 494
		Package 13: 25050 0 3 13 985 364
		Package 14: 25103 0 3 13 1871 1030
		Package 15: 27543 0 3 13 1493 151
		Package 16: 28513 0 3 13 621 235
		Package 17: 28703 0 3 13 1087 884
		Package 18: 29109 0 3 13 422 366
		Package 19: 29386 0 3 13 227 1087
		Package 20: 30235 0 3 13 1789 628
		Package 21: 32261 0 3 13 879 308
		Package 22: 33849 0 3 13 1139 593
		Package 23: 33983 0 3 13 990 474
	Number of Packages: 23

	Truck: NP-11-XC 366 375 15556
		Package 1: 34242 0 3 13 1695 558
		Package 2: 34663 0 3 13 259 822
		Package 3: 35068 0 3 13 1552 118
		Package 4: 36667 0 3 13 1582 732
		Package 5: 36802 0 3 13 1662 205
		Package 6: 37101 0 3 13 789 117
		Package 7: 37182 0 3 13 1844 391
		Package 8: 39224 0 3 13 1846 764
		Package 9: 39562 0 3 13 1594 1059
		Package 10: 576 0 3 14 295 584
		Package 11: 1437 0 3 14 577 1094
		Package 12: 2269 0 3 14 754 639
		Package 13: 5299 0 3 14 773 336
		Package 14: 5745 0 3 14 1229 644
		Package 15: 7094 0 3 14 730 104
		Package 16: 9194 0 3 14 862 1067
		Package 17: 9225 0 3 14 453 310
		Package 18: 11802 0 3 14 1665 510
		Package 19: 12533 0 3 14 498 112
		Package 20: 13794 0 3 14 1143 591
		Package 21: 15910 0 3 14 1308 629
		Package 22: 16710 0 3 14 1358 168
		Package 23: 16819 0 3 14 558 592
		Package 24: 17180 0 3 14 992 806
		Package 25: 17231 0 3 14 1615 627
		Package 26: 17698 0 3 14 1775 445
		Package 27: 20297 0 3 14 1882 1010
	Number of Packages: 27

	Truck: QV-09-KU 365 301 13406
		Package 1: 20858 0 3 14 465 782
		Package 2: 21686 0 3 14 1308 510
		Package 3: 22551 0 3 14 719 418
		Package 4: 23309 0 3 14 475 614
		Package 5: 24206 0 3 14 619 491
		Package 6: 27293 0 3 14 1008 926
		Package 7: 27605 0 3 14 860 807
		Package 8: 27700 0 3 14 1602 215
		Package 9: 28363 0 3 14 1122 843
		Package 10: 29359 0 3 14 976 132
		Package 11: 30530 0 3 14 413 237
		Package 12: 31526 0 3 14 1583 637
		Package 13: 31591 0 3 14 1411 979
		Package 14: 35295 0 3 14 1278 441
		Package 15: 35387 0 3 14 1082 478
		Package 16: 35648 0 3 14 422 378
		Package 17: 36757 0 3 14 1625 440
		Package 18: 37059 0 3 14 1049 985
		Package 19: 37554 0 3 14 841 771
		Package 20: 37626 0 3 14 976 995
		Package 21: 37640 0 3 14 1285 473
	Number of Packages: 21

	Truck: UP-77-BW 365 259 16982
		Package 1: 38118 0 3 14 824 478
		Package 2: 39340 0 3 14 449 107
		Package 3: 787 0 3 15 680 898
		Package 4: 3142 0 3 15 401 713
		Package 5: 4167 0 3 15 919 773
		Package 6: 5372 0 3 15 1762 164
		Package 7: 6016 0 3 15 334 928
		Package 8: 6332 0 3 15 1455 1061
		Package 9: 6925 0 3 15 593 179
		Package 10: 7442 0 3 15 645 928
		Package 11: 7559 0 3 15 411 373
		Package 12: 7796 0 3 15 612 421
		Package 13: 7908 0 3 15 1371 650
		Package 14: 10844 0 3 15 1045 265
		Package 15: 10866 0 3 15 392 524
		Package 16: 12197 0 3 15 1429 276
		Package 17: 13525 0 3 15 1623 1007
	Number of Packages: 17

	Truck: JT-75-KM 360 331 15444
		Package 1: 13603 0 3 15 1279 719
		Package 2: 13967 0 3 15 938 900
		Package 3: 14284 0 3 15 1113 1027
		Package 4: 14439 0 3 15 506 243
		Package 5: 14827 0 3 15 1008 686
		Package 6: 16114 0 3 15 490 644
		Package 7: 17746 0 3 15 759 966
		Package 8: 19384 0 3 15 406 582
		Package 9: 22935 0 3 15 1965 789
		Package 10: 23338 0 3 15 1690 765
		Package 11: 23775 0 3 15 1466 850
		Package 12: 23988 0 3 15 1818 600
		Package 13: 24972 0 3 15 705 588
		Package 14: 25366 0 3 15 757 315
		Package 15: 26691 0 3 15 575 208
		Package 16: 26816 0 3 15 1770 813
		Package 17: 28632 0 3 15 589 885
		Package 18: 30826 0 3 15 995 1054
		Package 19: 31176 0 3 15 487 671
		Package 20: 32118 0 3 15 1815 681
		Package 21: 32183 0 3 15 1640 109
		Package 22: 33823 0 3 15 1971 558
	Number of Packages: 22

	Truck: VY-82-LI 355 322 13718
		Package 1: 34272 0 3 15 1232 857
		Package 2: 34953 0 3 15 799 827
		Package 3: 35481 0 3 15 934 1022
		Package 4: 37635 0 3 15 452 566
		Package 5: 38273 0 3 15 1364 593
		Package 6: 39204 0 3 15 1799 563
		Package 7: 212 0 3 16 428 581
		Package 8: 406 0 3 16 480 885
		Package 9: 3020 0 3 16 1058 745
		Package 10: 3999 0 3 16 1461 442
		Package 11: 5099 0 3 16 1616 234
		Package 12: 6474 0 3 16 1823 877
		Package 13: 8253 0 3 16 513 658
		Package 14: 10121 0 3 16 782 321
		Package 15: 12272 0 3 16 854 740
		Package 16: 12570 0 3 16 776 236
		Package 17: 15132 0 3 16 520 554
		Package 18: 16687 0 3 16 1452 744
		Package 19: 17905 0 3 16 1550 753
		Package 20: 18420 0 3 16 1597 552
	Number of Packages: 20

	Truck: AW-41-BS 344 306 14015
		Package 1: 18562 0 3 16 960 780
		Package 2: 19264 0 3 16 1008 286
		Package 3: 19684 0 3 16 894 277
		Package 4: 22374 0 3 16 1082 666
		Package 5: 23907 0 3 16 1911 127
		Package 6: 26812 0 3 16 665 740
		Package 7: 26847 0 3 16 1554 381
		Package 8: 27048 0 3 16 356 844
		Package 9: 30089 0 3 16 978 328
		Package 10: 30257 0 3 16 213 377
		Package 11: 31601 0 3 16 645 966
		Package 12: 34386 0 3 16 1730 812
		Package 13: 34597 0 3 16 806 276
		Package 14: 34804 0 3 16 698 519
		Package 15: 35777 0 3 16 850 1025
		Package 16: 36424 0 3 16 629 822
		Package 17: 37675 0 3 16 946 521
		Package 18: 37942 0 3 16 378 1032
		Package 19: 38368 0 3 16 1030 1043
	Number of Packages: 19

	Truck: SE-25-FZ 343 277 15226
		Package 1: 38399 0 3 16 1590 129
		Package 2: 38718 0 3 16 1521 282
		Package 3: 1223 0 3 17 511 904
		Package 4: 1363 0 3 17 902 620
		Package 5: 1696 0 3 17 1485 540
		Package 6: 1786 0 3 17 816 446
		Package 7: 2210 0 3 17 220 1079
		Package 8: 2508 0 3 17 948 266
		Package 9: 3347 0 3 17 471 163
		Package 10: 5438 0 3 17 1472 705
		Package 11: 6486 0 3 17 866 102
		Package 12: 8799 0 3 17 834 691
		Package 13: 8959 0 3 17 1841 916
		Package 14: 10050 0 3 17 580 1009
		Package 15: 10093 0 3 17 1749 1099
		Package 16: 10309 0 3 17 841 347
	Number of Packages: 16

	Truck: AJ-19-FO 336 345 14342
		Package 1: 10847 0 3 17 237 859
		Package 2: 12415 0 3 17 1645 330
		Package 3: 13574 0 3 17 1515 982
		Package 4: 14287 0 3 17 937 311
		Package 5: 16910 0 3 17 1888 599
		Package 6: 17115 0 3 17 304 130
		Package 7: 18643 0 3 17 1244 107
		Package 8: 19822 0 3 17 839 924
		Package 9: 20474 0 3 17 513 587
		Package 10: 20532 0 3 17 1935 946
		Package 11: 21596 0 3 17 1559 879
		Package 12: 22325 0 3 17 1262 277
		Package 13: 23919 0 3 17 1129 1001
		Package 14: 24274 0 3 17 1542 624
		Package 15: 24287 0 3 17 1326 440
		Package 16: 25481 0 3 17 1932 943
		Package 17: 26305 0 3 17 423 666
		Package 18: 26329 0 3 17 1380 184
		Package 19: 26844 0 3 17 1054 1014
		Package 20: 27827 0 3 17 1178 431
	Number of Packages: 20

	Truck: QK-18-NG 335 265 15168
		Package 1: 31860 0 3 17 1980 158
		Package 2: 31871 0 3 17 239 468
		Package 3: 33568 0 3 17 1720 238
		Package 4: 36042 0 3 17 1932 883
		Package 5: 37518 0 3 17 982 1078
		Package 6: 37549 0 3 17 1950 949
		Package 7: 37734 0 3 17 1796 583
		Package 8: 38109 0 3 17 1522 608
		Package 9: 38474 0 3 17 319 306
		Package 10: 38512 0 3 17 1956 187
		Package 11: 38660 0 3 17 1084 555
		Package 12: 38675 0 3 17 1913 193
		Package 13: 39067 0 3 17 557 1034
		Package 14: 39592 0 3 17 846 1055
		Package 15: 461 0 3 18 587 539
	Number of Packages: 15

	Truck: JG-66-ZH 335 381 15531
		Package 1: 579 0 3 18 1783 327
		Package 2: 2355 0 3 18 1250 832
		Package 3: 2995 0 3 18 832 1013
		Package 4: 3032 0 3 18 1207 1032
		Package 5: 4845 0 3 18 1800 626
		Package 6: 5535 0 3 18 407 517
		Package 7: 5825 0 3 18 1147 636
		Package 8: 6185 0 3 18 1596 616
		Package 9: 6252 0 3 18 1704 300
		Package 10: 6738 0 3 18 585 774
		Package 11: 7604 0 3 18 524 809
		Package 12: 8867 0 3 18 1482 1007
		Package 13: 8872 0 3 18 397 297
		Package 14: 9847 0 3 18 932 246
		Package 15: 10338 0 3 18 623 369
		Package 16: 12834 0 3 18 339 291
		Package 17: 13726 0 3 18 785 1099
		Package 18: 14903 0 3 18 1274 946
		Package 19: 15594 0 3 18 474 750
		Package 20: 15744 0 3 18 1903 1046
		Package 21: 16430 0 3 18 489 902
	Number of Packages: 21

	Truck: GD-20-KK 335 383 16287
		Package 1: 16518 0 3 18 896 100
		Package 2: 16820 0 3 18 453 494
		Package 3: 18963 0 3 18 737 773
		Package 4: 19611 0 3 18 645 825
		Package 5: 20273 0 3 18 1386 505
		Package 6: 20361 0 3 18 1852 375
		Package 7: 21233 0 3 18 984 826
		Package 8: 21805 0 3 18 1970 1094
		Package 9: 22536 0 3 18 605 568
		Package 10: 22808 0 3 18 1091 849
		Package 11: 23230 0 3 18 1891 331
		Package 12: 23437 0 3 18 1756 280
		Package 13: 24595 0 3 18 1834 454
		Package 14: 24626 0 3 18 854 652
		Package 15: 24864 0 3 18 1254 783
		Package 16: 24866 0 3 18 495 680
		Package 17: 25350 0 3 18 1559 813
		Package 18: 25876 0 3 18 905 789
		Package 19: 26190 0 3 18 1139 891
		Package 20: 26588 0 3 18 1721 165
		Package 21: 27671 0 3 18 1741 702
	Number of Packages: 21

	Truck: MT-28-IH 328 398 13956
		Package 1: 28393 0 3 18 399 289
		Package 2: 28656 0 3 18 503 501
		Package 3: 29994 0 3 18 500 748
		Package 4: 32106 0 3 18 816 1093
		Package 5: 32539 0 3 18 737 994
		Package 6: 32581 0 3 18 1185 331
		Package 7: 32998 0 3 18 402 554
		Package 8: 33427 0 3 18 309 148
		Package 9: 34265 0 3 18 677 246
		Package 10: 35155 0 3 18 1851 806
		Package 11: 37660 0 3 18 803 612
		Package 12: 37721 0 3 18 1005 312
		Package 13: 37934 0 3 18 1949 1066
		Package 14: 38417 0 3 18 1428 286
		Package 15: 1519 0 3 19 964 1004
		Package 16: 3325 0 3 19 1845 233
		Package 17: 3381 0 3 19 623 135
		Package 18: 3754 0 3 19 890 457
		Package 19: 4354 0 3 19 1733 886
		Package 20: 4543 0 3 19 593 1038
		Package 21: 5930 0 3 19 1842 322
	Number of Packages: 21

	Truck: ZK-08-LJ 325 316 13378
		Package 1: 6816 0 3 19 973 587
		Package 2: 7648 0 3 19 839 773
		Package 3: 7655 0 3 19 632 653
		Package 4: 8312 0 3 19 224 662
		Package 5: 8481 0 3 19 431 357
		Package 6: 8542 0 3 19 919 174
		Package 7: 8647 0 3 19 642 130
		Package 8: 8825 0 3 19 1724 302
		Package 9: 11054 0 3 19 600 1031
		Package 10: 11546 0 3 19 208 379
		Package 11: 13666 0 3 19 1090 348
		Package 12: 13861 0 3 19 891 527
		Package 13: 16652 0 3 19 1651 795
		Package 14: 18040 0 3 19 1383 226
		Package 15: 18296 0 3 19 1203 581
		Package 16: 18882 0 3 19 1950 438
	Number of Packages: 16

	Truck: EP-92-PV 310 387 14105
		Package 1: 19897 0 3 19 659 187
		Package 2: 20072 0 3 19 489 456
		Package 3: 20349 0 3 19 1807 777
		Package 4: 20451 0 3 19 1072 404
		Package 5: 21816 0 3 19 570 871
		Package 6: 21974 0 3 19 990 1057
		Package 7: 22094 0 3 19 1709 116
		Package 8: 22329 0 3 19 1451 781
		Package 9: 23917 0 3 19 1936 446
		Package 10: 24946 0 3 19 865 409
		Package 11: 25788 0 3 19 1466 895
		Package 12: 25818 0 3 19 438 550
		Package 13: 25928 0 3 19 1840 207
		Package 14: 25964 0 3 19 788 895
		Package 15: 25973 0 3 19 1724 915
		Package 16: 26167 0 3 19 1152 716
		Package 17: 26615 0 3 19 913 725
		Package 18: 26985 0 3 19 448 1087
		Package 19: 27220 0 3 19 491 159
		Package 20: 28034 0 3 19 1103 277
	Number of Packages: 20

	Truck: XV-02-KY 309 377 15136
		Package 1: 29203 0 3 19 444 575
		Package 2: 29681 0 3 19 659 134
		Package 3: 29752 0 3 19 640 634
		Package 4: 31933 0 3 19 1863 519
		Package 5: 32023 0 3 19 1534 1040
		Package 6: 32140 0 3 19 636 932
		Package 7: 32693 0 3 19 1193 787
		Package 8: 34612 0 3 19 1931 908
		Package 9: 35130 0 3 19 1379 950
		Package 10: 35562 0 3 19 1061 317
		Package 11: 35569 0 3 19 650 948
		Package 12: 36232 0 3 19 1917 295
		Package 13: 36242 0 3 19 1062 601
		Package 14: 37302 0 3 19 562 969
		Package 15: 37710 0 3 19 205 594
		Package 16: 38632 0 3 19 1049 356
		Package 17: 39152 0 3 19 1200 218
		Package 18: 39819 0 3 19 1536 801
		Package 19: 1088 0 3 20 1469 220
	Number of Packages: 19

	Truck: NG-16-SY 308 371 13865
		Package 1: 1211 0 3 20 758 520
		Package 2: 1422 0 3 20 765 530
		Package 3: 1670 0 3 20 1609 522
		Package 4: 2548 0 3 20 1973 376
		Package 5: 2697 0 3 20 777 262
		Package 6: 2848 0 3 20 660 860
		Package 7: 3279 0 3 20 1777 890
		Package 8: 3416 0 3 20 1637 724
		Package 9: 3688 0 3 20 991 1072
		Package 10: 3785 0 3 20 1756 868
		Package 11: 3927 0 3 20 1931 858
		Package 12: 4712 0 3 20 1697 403
		Package 13: 4957 0 3 20 1970 745
		Package 14: 5283 0 3 20 1716 1030
		Package 15: 5781 0 3 20 375 344
		Package 16: 6718 0 3 20 1322 847
		Package 17: 8592 0 3 20 1940 810
		Package 18: 8912 0 3 20 1970 340
	Number of Packages: 18

	Truck: XE-51-DP 296 271 13742
		Package 1: 9356 0 3 20 1194 773
		Package 2: 9463 0 3 20 1718 904
		Package 3: 9758 0 3 20 674 497
		Package 4: 14321 0 3 20 547 837
		Package 5: 15071 0 3 20 1214 556
		Package 6: 15176 0 3 20 1515 232
		Package 7: 15919 0 3 20 779 144
		Package 8: 16413 0 3 20 1006 175
		Package 9: 17701 0 3 20 466 604
		Package 10: 17798 0 3 20 1530 478
		Package 11: 17832 0 3 20 1667 874
		Package 12: 17886 0 3 20 418 1076
		Package 13: 18703 0 3 20 219 1037
	Number of Packages: 13

	Truck: KO-82-SW 292 289 14548
		Package 1: 19069 0 3 20 1116 757
		Package 2: 19092 0 3 20 1663 332
		Package 3: 22172 0 3 20 731 144
		Package 4: 22269 0 3 20 1117 693
		Package 5: 23463 0 3 20 410 587
		Package 6: 24967 0 3 20 607 174
		Package 7: 25892 0 3 20 314 1063
		Package 8: 26198 0 3 20 1832 419
		Package 9: 26580 0 3 20 831 423
		Package 10: 28116 0 3 20 535 445
		Package 11: 28127 0 3 20 770 350
		Package 12: 28765 0 3 20 1700 1002
		Package 13: 30186 0 3 20 815 790
		Package 14: 30638 0 3 20 572 681
	Number of Packages: 14

	Truck: SS-46-DR 292 316 16581
		Package 1: 31211 0 3 20 479 249
		Package 2: 32177 0 3 20 357 819
		Package 3: 32207 0 3 20 550 654
		Package 4: 32465 0 3 20 1733 704
		Package 5: 34442 0 3 20 1696 716
		Package 6: 34665 0 3 20 948 950
		Package 7: 35491 0 3 20 1561 1033
		Package 8: 35568 0 3 20 452 909
		Package 9: 36228 0 3 20 1306 625
		Package 10: 36938 0 3 20 640 480
		Package 11: 37925 0 3 20 666 240
		Package 12: 39495 0 3 20 482 857
		Package 13: 39685 0 3 20 1012 1085
		Package 14: 39854 0 3 20 347 266
		Package 15: 39934 0 3 20 1851 119
	Number of Packages: 15

	Truck: KV-72-RO 288 346 13476
		Package 1: 1405 0 3 21 887 317
		Package 2: 1753 0 3 21 1970 486
		Package 3: 5078 0 3 21 386 164
		Package 4: 5687 0 3 21 685 661
		Package 5: 6269 0 3 21 1244 1042
		Package 6: 6815 0 3 21 1533 914
		Package 7: 7085 0 3 21 928 650
		Package 8: 8998 0 3 21 939 241
		Package 9: 9212 0 3 21 971 423
		Package 10: 10163 0 3 21 1189 479
		Package 11: 10218 0 3 21 1958 794
		Package 12: 10254 0 3 21 1947 470
		Package 13: 11124 0 3 21 909 962
		Package 14: 11615 0 3 21 1733 188
		Package 15: 12147 0 3 21 1316 838
		Package 16: 12561 0 3 21 1725 559
	Number of Packages: 16

	Truck: QX-45-XL 287 304 15787
		Package 1: 13182 0 3 21 1813 1090
		Package 2: 13754 0 3 21 1236 652
		Package 3: 18131 0 3 21 787 113
		Package 4: 18859 0 3 21 1448 341
		Package 5: 24524 0 3 21 1468 217
		Package 6: 26627 0 3 21 1326 547
		Package 7: 26696 0 3 21 1343 489
		Package 8: 26958 0 3 21 212 292
		Package 9: 27105 0 3 21 925 336
		Package 10: 29046 0 3 21 1456 1035
		Package 11: 32044 0 3 21 683 179
		Package 12: 32303 0 3 21 1546 598
		Package 13: 34292 0 3 21 998 775
		Package 14: 34367 0 3 21 511 272
	Number of Packages: 14

	Truck: IO-64-MX 287 342 15977
		Package 1: 34407 0 3 21 1049 270
		Package 2: 34631 0 3 21 1128 558
		Package 3: 35245 0 3 21 1957 183
		Package 4: 36474 0 3 21 690 381
		Package 5: 36804 0 3 21 384 620
		Package 6: 38322 0 3 21 722 807
		Package 7: 38543 0 3 21 441 289
		Package 8: 38869 0 3 21 995 522
		Package 9: 39491 0 3 21 923 1044
		Package 10: 39925 0 3 21 520 814
		Package 11: 25 0 3 22 574 959
		Package 12: 224 0 3 22 769 850
		Package 13: 836 0 3 22 724 869
		Package 14: 1831 0 3 22 1284 469
		Package 15: 2271 0 3 22 1901 389
		Package 16: 2615 0 3 22 476 264
	Number of Packages: 16

	Truck: IN-49-NR 285 258 13044
		Package 1: 3143 0 3 22 893 252
		Package 2: 4453 0 3 22 549 707
		Package 3: 5000 0 3 22 953 109
		Package 4: 5506 0 3 22 1344 511
		Package 5: 6102 0 3 22 1712 310
		Package 6: 6246 0 3 22 1409 1040
		Package 7: 7766 0 3 22 311 481
		Package 8: 8347 0 3 22 1318 891
		Package 9: 9034 0 3 22 941 843
		Package 10: 10922 0 3 22 1221 477
		Package 11: 11111 0 3 22 313 155
	Number of Packages: 11

	Truck: SW-32-OH 281 287 14581
		Package 1: 12442 0 3 22 212 460
		Package 2: 12634 0 3 22 359 250
		Package 3: 13002 0 3 22 1558 261
		Package 4: 13287 0 3 22 364 921
		Package 5: 13296 0 3 22 1020 958
		Package 6: 14393 0 3 22 697 598
		Package 7: 15593 0 3 22 494 781
		Package 8: 16093 0 3 22 259 425
		Package 9: 16385 0 3 22 1448 939
		Package 10: 16658 0 3 22 975 863
		Package 11: 17803 0 3 22 639 860
		Package 12: 20334 0 3 22 1405 907
		Package 13: 20442 0 3 22 1139 607
	Number of Packages: 13

	Truck: EU-60-EJ 278 386 16833
		Package 1: 21173 0 3 22 769 947
		Package 2: 21488 0 3 22 467 429
		Package 3: 22926 0 3 22 1929 849
		Package 4: 23126 0 3 22 1702 175
		Package 5: 23312 0 3 22 636 955
		Package 6: 24897 0 3 22 939 442
		Package 7: 25205 0 3 22 1165 138
		Package 8: 25418 0 3 22 1901 772
		Package 9: 28945 0 3 22 848 496
		Package 10: 30601 0 3 22 1099 846
		Package 11: 31636 0 3 22 1411 438
		Package 12: 32088 0 3 22 325 833
		Package 13: 32452 0 3 22 1830 852
		Package 14: 32801 0 3 22 1129 338
		Package 15: 33321 0 3 22 1847 241
		Package 16: 34371 0 3 22 1963 687
		Package 17: 35177 0 3 22 1195 704
	Number of Packages: 17

	Truck: HI-66-NH 277 399 14862
		Package 1: 37228 0 3 22 488 124
		Package 2: 38852 0 3 22 1584 174
		Package 3: 39073 0 3 22 1848 551
		Package 4: 39827 0 3 22 380 744
		Package 5: 39928 0 3 22 1460 200
		Package 6: 2715 0 3 23 1643 982
		Package 7: 3400 0 3 23 829 453
		Package 8: 4047 0 3 23 352 310
		Package 9: 5058 0 3 23 466 779
		Package 10: 7807 0 3 23 1520 337
		Package 11: 7996 0 3 23 1794 1013
		Package 12: 8220 0 3 23 566 283
		Package 13: 8428 0 3 23 482 402
		Package 14: 9061 0 3 23 1748 680
		Package 15: 9273 0 3 23 1806 135
		Package 16: 10154 0 3 23 1230 730
		Package 17: 11272 0 3 23 447 781
	Number of Packages: 17

	Truck: TO-87-EB 268 346 14777
		Package 1: 12459 0 3 23 1977 841
		Package 2: 12476 0 3 23 849 840
		Package 3: 13284 0 3 23 373 618
		Package 4: 13661 0 3 23 1882 785
		Package 5: 15387 0 3 23 688 270
		Package 6: 16585 0 3 23 964 483
		Package 7: 17411 0 3 23 927 742
		Package 8: 17600 0 3 23 832 702
		Package 9: 18425 0 3 23 1832 910
		Package 10: 18516 0 3 23 915 902
		Package 11: 19226 0 3 23 1463 696
		Package 12: 20195 0 3 23 1627 314
		Package 13: 20301 0 3 23 1812 795
		Package 14: 21050 0 3 23 1413 264
		Package 15: 21715 0 3 23 1881 929
	Number of Packages: 15

	Truck: IC-18-ES 265 274 14952
		Package 1: 22283 0 3 23 1158 603
		Package 2: 24160 0 3 23 236 735
		Package 3: 24418 0 3 23 1543 128
		Package 4: 27079 0 3 23 1248 1035
		Package 5: 28304 0 3 23 1098 906
		Package 6: 28556 0 3 23 328 986
		Package 7: 28982 0 3 23 1410 394
		Package 8: 29391 0 3 23 1056 161
		Package 9: 29742 0 3 23 1449 105
		Package 10: 29863 0 3 23 1322 469
		Package 11: 30328 0 3 23 1532 1097
	Number of Packages: 11

	Truck: MU-15-DY 262 389 15106
		Package 1: 31070 0 3 23 1681 839
		Package 2: 31706 0 3 23 514 1012
		Package 3: 32179 0 3 23 1781 1026
		Package 4: 32565 0 3 23 1295 517
		Package 5: 32783 0 3 23 1212 1059
		Package 6: 34457 0 3 23 314 950
		Package 7: 35929 0 3 23 1383 184
		Package 8: 36285 0 3 23 577 1051
		Package 9: 37342 0 3 23 829 973
		Package 10: 38888 0 3 23 1730 273
		Package 11: 39210 0 3 23 862 866
		Package 12: 39405 0 3 23 614 743
		Package 13: 39421 0 3 23 328 180
		Package 14: 111 0 3 24 936 560
		Package 15: 2138 0 3 24 1639 1060
		Package 16: 3800 0 3 24 381 405
	Number of Packages: 16

	Truck: WS-73-BY 262 384 15363
		Package 1: 4023 0 3 24 1548 191
		Package 2: 4370 0 3 24 1733 561
		Package 3: 4772 0 3 24 859 373
		Package 4: 4936 0 3 24 1134 940
		Package 5: 5477 0 3 24 342 591
		Package 6: 6032 0 3 24 206 957
		Package 7: 6855 0 3 24 1602 996
		Package 8: 7803 0 3 24 1471 1014
		Package 9: 8671 0 3 24 1230 954
		Package 10: 8938 0 3 24 851 297
		Package 11: 9172 0 3 24 1902 182
		Package 12: 11051 0 3 24 678 319
		Package 13: 11503 0 3 24 1552 395
		Package 14: 12054 0 3 24 213 392
		Package 15: 13391 0 3 24 1403 280
		Package 16: 13683 0 3 24 1184 125
	Number of Packages: 16

	Truck: YQ-74-FN 259 354 13356
		Package 1: 13809 0 3 24 1970 417
		Package 2: 14706 0 3 24 1658 496
		Package 3: 15437 0 3 24 753 706
		Package 4: 15938 0 3 24 410 938
		Package 5: 16497 0 3 24 847 101
		Package 6: 16547 0 3 24 1270 166
		Package 7: 16651 0 3 24 1736 449
		Package 8: 17820 0 3 24 1258 726
		Package 9: 18821 0 3 24 731 293
		Package 10: 18928 0 3 24 1835 651
		Package 11: 19299 0 3 24 869 610
		Package 12: 19406 0 3 24 1587 950
		Package 13: 20198 0 3 24 253 259
		Package 14: 20433 0 3 24 1348 977
	Number of Packages: 14

	Truck: HE-38-SA 259 310 16154
		Package 1: 20522 0 3 24 961 896
		Package 2: 22119 0 3 24 1007 527
		Package 3: 22483 0 3 24 873 235
		Package 4: 22960 0 3 24 1922 327
		Package 5: 24935 0 3 24 652 526
		Package 6: 27115 0 3 24 1121 765
		Package 7: 29207 0 3 24 1773 120
		Package 8: 30903 0 3 24 1951 679
		Package 9: 31419 0 3 24 252 109
		Package 10: 32443 0 3 24 709 218
		Package 11: 32597 0 3 24 453 292
		Package 12: 34980 0 3 24 1911 942
	Number of Packages: 12

	Truck: PB-90-IY 258 289 14932
		Package 1: 35106 0 3 24 1652 939
		Package 2: 36195 0 3 24 707 994
		Package 3: 36406 0 3 24 1492 220
		Package 4: 37088 0 3 24 368 1083
		Package 5: 37816 0 3 24 1396 225
		Package 6: 1019 0 3 25 1663 1056
		Package 7: 1847 0 3 25 1608 279
		Package 8: 1973 0 3 25 1115 938
		Package 9: 3283 0 3 25 1695 364
		Package 10: 4029 0 3 25 1539 228
		Package 11: 4579 0 3 25 1068 215
	Number of Packages: 11

	Truck: JF-79-KW 256 289 14860
		Package 1: 7187 0 3 25 1497 599
		Package 2: 7829 0 3 25 526 835
		Package 3: 7883 0 3 25 1766 260
		Package 4: 7909 0 3 25 1522 177
		Package 5: 8996 0 3 25 1861 265
		Package 6: 9114 0 3 25 1884 752
		Package 7: 10004 0 3 25 626 303
		Package 8: 10721 0 3 25 1426 672
		Package 9: 12564 0 3 25 803 752
		Package 10: 12729 0 3 25 1727 555
		Package 11: 13400 0 3 25 1252 991
	Number of Packages: 11

	Truck: RF-24-KE 255 275 13025
		Package 1: 15445 0 3 25 930 366
		Package 2: 17538 0 3 25 518 854
		Package 3: 17731 0 3 25 1169 460
		Package 4: 18534 0 3 25 1882 764
		Package 5: 20527 0 3 25 914 688
		Package 6: 20713 0 3 25 632 294
		Package 7: 22034 0 3 25 456 581
		Package 8: 23215 0 3 25 651 596
		Package 9: 23310 0 3 25 1834 679
		Package 10: 23794 0 3 25 327 592
		Package 11: 24171 0 3 25 728 501
	Number of Packages: 11

	Truck: AO-76-GQ 253 386 13481
		Package 1: 24611 0 3 25 576 134
		Package 2: 24612 0 3 25 1178 333
		Package 3: 26157 0 3 25 1929 1064
		Package 4: 26982 0 3 25 1291 871
		Package 5: 27119 0 3 25 984 371
		Package 6: 27908 0 3 25 1883 223
		Package 7: 28065 0 3 25 1843 991
		Package 8: 28751 0 3 25 512 398
		Package 9: 28845 0 3 25 1724 676
		Package 10: 30863 0 3 25 263 449
		Package 11: 31435 0 3 25 1298 230
		Package 12: 31528 0 3 25 1754 1029
		Package 13: 33010 0 3 25 300 223
		Package 14: 35369 0 3 25 521 185
		Package 15: 35902 0 3 25 1073 1085
	Number of Packages: 15

	Number of trucks: 50
	Number of packages (total, !express): 1152
	Percentage of delivered packages: 3.2%